5
6 1
0 400 300 200 100 500 700 900 500 500 400 300 700 400 800 900 200 300 300 400
6 1
0 500 400 500 600 700 800 900 1000 600 400 300 700 1500 400 100 0 700 200 500
11 2
0 500 100 200 300 500 700 500 600 300 400 500 100 200 800 100 500 600 400 300 200 0 400
100 300 800 700 200 300 400 700 600 0 300 200 500 400 300 1000 2000
11 2
0 1000 100 200 300 500 200 700 500 600 300 9000 300 100 700 500 400 0 800 1000 0 1000 100
200 300 500 200 700 500 600 300 9000 300 100 700 500 400 0 800 1000
21 4
1124 1272 767 914 141 1483 1805 705 936 182 450 3 988 1131 1441 378 149 859 218 1472 1061 1166 744 542 42 1239 1694 1945 1386 1829 895 1093 984 498 1601 1003 1872 1846 381 1748 941 1868 1862 1064 213 881 1136 623 87 974 1291 1188 671 558 1986 983 1663 1316 1952 577 1404 0 959 1060 1642 753 1261 438 1015 1990 1923 1785 1201 1596 1636 245 100 45 1580 80 

