99
105025153 134180055
102663556 120176474
37615574 46674038
131521744 134065199
125862777 130445511
89853355 128213401
131295035 131835800
39068093 42162448
123565278 125749301
61853024 63431443
35020727 60877156
80619184 110943725
91027746 112904037
27495382 64578826
116364827 128163265
89619103 109656694
13099203 13268594
17134856 43715416
53729146 63240051
110595578 132390290
53863100 58981238
110086673 113618062
114815427 117068029
6288154 8700748
96223098 128422150
3783969 54824793
119596787 126640981
10879578 32479026
107366294 116117747
65039338 66772622
125727186 130963444
41045941 52798364
59903409 61990721
21764678 36113370
36769856 58795224
59413309 59420700
83465456 87197971
76800900 81645880
52516350 55122152
84156497 104480445
55466543 64012535
109906613 117258700
107929316 124686095
28464821 37024272
96518903 104544883
82222311 109034451
121324460 130738976
105906454 112719158
115312006 119000873
75727343 127885037
94843064 122801424
2622940 28782997
60830499 65218966
120220283 126333500
127459338 127501585
111809191 117150590
52845118 57922105
119264550 131667903
44984661 62549217
60373436 65079955
35418965 58505824
129384066 129851859
15692669 64912637
62032816 64112800
9551662 28440718
34858973 63400774
58355667 64336853
101687117 115087734
113532235 116097741
94811715 97474139
41433003 47771163
45430630 53352925
46720558 51173409
30664458 39309309
64161875 65258451
50007980 58610121
44186282 49908622
94563173 96233438
48445289 59390263
80192734 120758514
114626128 133482328
109816324 130989884
111637102 116510044
117784108 131322648
57891244 58015202
128736694 131689801
75088120 102180583
32407320 54461891
118417976 125795244
98855767 107901349
100454205 130966089
38499731 59317187
114404105 131713957
82142328 128851447
27956184 53292447
3819017 16884371
64536964 65436908
47509562 49501613
77366035 84859596