7320
457
3200
8179
3257
7098
5988
9407
9828
331
4746
6639
7166
7104
8452
7890
9239
1564
7067
1028
2296
5636
1775
9581
8033
4829
6831
3186
5111
195
9430
2293
7802
5350
6472
1906
3698
5988
2368
7509
6861
5724
404
6106
2151
5154
6164
5972
7861
400
986
3093
5811
255
6250
7242
8026
72
2747
6292
8399
8253
5376
1428
2477
7107
1970
6538
6820
1141
7077
8089
9716
8495
8458
4584
4969
7221
9746
1925
9198
6213
9676
3736
2224
8437
5025
7199
6728
610
3881
2890
6138
3182
981
1650
5770
3073
2874
7258
6443
7749
393
2935
2134
4508
8588
8953
9628
7816
7184
2407
3599
1818
4497
9173
4592
1557
5795
1446
6687
6932
8255
8088
687
2701
5010
2599
7753
1977
9023
1879
5789
4207
3560
3
357
903
1040
6286
8629
6825
4436
9205
3910
1025
7697
8031
329
1832
7266
1852
1491
5443
9526
5958
3577
1800
5415
6492
3867
2309
3065
6364
3900
2235
5529
1076
80
2870
154
4268
8335
4175
39
365
4154
6584
8559
8017
2916
148
5953
4325
4484
1753
1310
8446
7669
8534
2608
9598
7951
7237
637
5993
5050
8453
5169
6892
2591
4351
3198
585
9481
5518
1346
5895
3056
8674
1040
9254
5187
8772
3195
1499
9056
9719
6983
504
1102
3741
2955
7967
555
9448
824
1507
712
497
8487
8803
2950
3905
2196
3638
3459
1213
8209
3338
5496
1331
851
4158
1331
8572
9329
2916
3046
9355
9707
2680
3457
6986
8823
9688
2146
9292
3872
9032
3738
302
3751
3284
2741
9105
6175
7639
219
4459
3683
1174
4483
4012
4006
5870
8047
5726
8095
1249
906
4026
2549
8565
4006
1813
7758
6295
2185
1473
1645
6842
2936
8675
564
8365
8106
7163
9129
85
3316
1360
23
9642
8617
3545
4839
4283
4685
5099
1426
5546
541
1120
8034
7531
801
6156
2546
417
9551
8576
5043
3751
9565
8097
59
5364
8326
1942
9485
7168
9514
2297
4141
9952
6826
6330
1160
934
6865
3099
1236
9934
5471
6022
7489
6954
3229
3427
2848
8258
7482
3137
4440
8951
5599
1167
5816
6866
9108
9357
3634
4783
6906
133
3462
366
760
6892
2116
7958
3692
5059
513
9613
7072
9849
3073
7258
4025
7095
9867
1551
3680
872
8970
5620
7148
4017
2377
6758
4537
2383
6147
2862
2201
6976
6144
4177
2301
8842
5350
2658
2462
8556
2196
5576
4575
3744
9886
2131
3675
8686
145
4360
5720
287
6949
3551
718
4278
5845
1904
516
7998
8075
4536
9475
227
8166
9163
3316
5145
6868
1556
9713
1554
102
7678
545
9081
3983
3736
6740
3594
1617
707
2689
6965
8392
2594
4644
5123
3167
7250
7648
6955
7327
8319
9443
3964
2326
5415
1342
5687
1572
6805
1628
808
7346
1035
5483
2344
9123
9839
5938
2172
2016
4314
3515
8270
4059
4827
5791
4923
5358
2275
209
7648
7734
9725
3450
1458
5775
2492
4269
8458
8362
5608
7549
4778
5429
8344
9775
4281
6464
7018
326
7059
8162
2993
7997
1941
3355
6458
5461
1900
3237
6561
9184
7432
8505
5913
9058
3607
5636
3857
6622
198
1599
1718
6371
8484
7104
4718
6137
779
6222
3344
7999
4130
6835
8377
8829
4022
6603
9835
1952
3331
3573
2385
4323
2321
221
7317
627
6862
1009
3877
1629
669
658
1024
1149
3657
2553
2490
1567
160
2006
4198
2874
3208
4352
8943
3391
1461
6170
9213
4745
7277
5295
3993
9482
4166
3968
9354
7697
2736
3351
8879
1060
8526
4473
6260
9325
5138
1789
971
4102
7611
6311
780
8174
1321
1767
2970
6240
25
7370
6902
3696
3775
3160
8496
4820
4043
9648
9748
6481
4946
1860
762
5745
36
3088
9830
868
713
8221
9694
9367
7386
843
6884
9666
5717
139
5087
7046
9844
1729
2112
9075
422
127
6676
7395
3113
6656
4854
1320
5397
6172
8984
2785
2355
8823
8214
3138
5821
5194
8496
3816
788
1261
6767
9909
3743
9262
3245
6788
7619
3283
7725
1202
8495
3949
3278
3499
791
2645
4841
4654
5931
2973
7545
7477
3158
6585
2322
398
620
3421
7842
5882
7603
5650
998
2270
3851
4311
2033
764
8630
9378
3283
1728
4832
4617
9352
2633
1450
4663
9232
7225
3242
1009
5748
1131
5918
269
4532
7901
8703
7054
593
4606
7907
5254
8815
2710
2102
9978
718
8780
8643
6959
1310
1276
1806
1722
840
9704
7359
3769
3466
4364
2778
4613
8271
3604
4773
8616
7947
1719
1384
2026
7252
2948
1371
35
869
2408
1943
644
6265
2932
213
3081
3372
3317
6588
9141
3553
6689
153
8785
7694
3589
2874
9939
7144
8211
5332
3600
9594
679
7181
299
4807
9947
6140
7559
7438
1399
76
4817
7057
720
3222
2258
1618
907
4962
5311
8975
1743
3152
8134
8238
2879
5129
6198
9512
1619
5857
6140
6922
6499
9812
2342
5826
7256
1966
7785
249
895
3644
703
2387
3297
9787
5600
7629
8559
1215
7605
777
1795
6230
3762
4242
9195
5305
9893
5940
5854
67
1101
3142
1709
580
8770
5463
4544
8034
2557
6231
1218
4088
8785
8331
5800
6946
1388
3795
5901
403
9844
2171
9352
7507
9121
5914
7381
474
2958
3998
2037
324
7158
8806
4419
9309
5594
3309
8193
7770
9340
869
5973
4486
5243
7228
4993
5586
6362
3856
3238
1013
1749
2882
7394
9753
7
9310
9596
995
388
728
4084
4590
9490
3302
5166
5025
8929
4248
214
214
8069
6433
1830
1105
6695
27
6831
4189
7074
8440
2135
1082
8304
3724
2801
6557
1943
2431
7297
9034
6086
7168
4130
4063
569
740
4433
3048
3018
7386
1269
6218
5207
1161
2395
3049
3919
78
251
6377
86
9744
2213
5001
8881
5116
3549
1638
385
1394
8060
5935
2004
944
8994
764
4861
6526
890
1839
4484
5062
1739
3647
1986
3338
1205
6115
2279
1157
5197
7593
3034
5540
6497
3488
8162
3200
3064
8410
9348
3294
9552
750
8466
2813
3773
3938
1900
5088
0
2995
6656
235
1506
7129
6903
8186
8533
7983
3304
9879
3645
7242
8043
3407
827
5315
6031
8819
803
823
9922
5917
1591
59
9930
8030
3521
9640
552
6149
6093
8571
2276
5809
8579
3564
2907
4537
8392
3300
5115
3724
7017
5853
3860
7797
440
351
4941
3011
1069
6627
5032
4141
4273
3260
7912
7329
7164
209
6543
6452
4511
3998
6297
9092
9158
26
9427
1895
3162
101
4300
8841
3349
8288
1138
8422
8461
534
4596
1065
206
4056
9209
1026
3101
7794
4456
7076
9786
1550
4399
4642
3992
7239
9200
6344
4894
7422
5546
5095
2158
5823
3119
8061
1942
4129
6711
2258
4012
7055
7922
9263
8797
7703
3801
2070
4504
1195
1966
100
3923
2151
4545
5923
4513
8650
7178
6180
1876
856
7741
3682
553
637
2457
858
2072
5977
9947
9612
5479
4097
5436
1834
8710
4292
6124
7678
1886
2009
68
2454
3250
9128
2135
8781
3212
6582
6075
9332
4645
1448
3663
3491
1169
6854
9329
7836
3789
3059
5648
3504
5245
956
4928
4940
7602
7929
7294
3115
9613
8610
7756
1933
7719
7088
2629
410
3909
3396
6788
207
579
5924
9107
1867
4958
8872
9841
2831
1702
4918
9025
9599
1246
8845
9044
4870
2579
4954
7225
4510
6735
2266
7160
9303
8145
7251
2632
4205
1962
3693
9827
2654
2832
8742
1024
4790
2773
3811
2382
6324
8398
1471
5352
4343
1876
1173
4357
9541
9162
9649
2917
1268
9456
4899
1245
8819
5986
474
7757
1349
568
8930
260
5370
3632
3071
6178
7942
6630
4847
3051
9692
6541
2873
3560
4440
4457
7739
797
5787
484
7099
5001
8855
3315
7830
7737
8227
9619
8367
6554
1521
7290
5040
8576
7970
7218
6757
7708
9669
3322
7385
2078
479
6278
6330
3439
2375
3832
6692
5802
9164
5029
427
9713
3656
2256
8455
4800
1582
406
6160
9293
646
4979
5365
7321
1617
695
8999
3009
5439
4298
3620
633
182
7806
3488
300
36
998
7189
7745
7390
8136
2745
8053
9307
7132
7929
518
1252
1461
6900
3898
7767
5085
6874
7196
8651
7263
5545
9836
9888
6813
1020
9708
2742
3848
3436
9719
2709
6464
7370
8695
5999
5272
4839
8225
5094
2150
4598
8734
8435
6772
6319
8106
4928
6721
3567
5384
7044
3530
9214
3400
6032
4575
1351
1238
956
7008
8989
4349
6841
1197
3303
473
7928
9076
1892
8485
7968
6460
3844
6503
9612
1354
1186
637
2371
9196
1005
7952
1729
5990
781
7112
9628
9674
6853
9446
3893
6231
7231
7286
3586
7200
7584
1707
3953
1407
9179
4356
2332
2594
6134
3336
7996
1002
4018
3200
7026
7866
2632
8797
8295
1858
6582
1361
6389
8596
5102
7650
5449
9231
8742
9952
2876
1851
4285
5436
5188
2691
313
1936
2071
5443
5778
2044
5524
9812
2351
431
7396
6968
7224
1590
9224
7703
781
247
7576
4936
2888
7460
5001
501
9193
3000
8954
4323
3856
3694
1525
9507
8795
3408
7393
2694
1145
7043
6308
2398
9769
9589
370
4697
4598
1792
364
6756
8971
9605
1973
8336
4460
8040
9194
2047
7203
8513
3987
4695
9772
198
285
2703
9954
7285
2559
9038
4797
5355
9844
8809
2856
2492
9325
660
3534
3520
1007
4305
1828
4038
2719
1489
7710
4232
7977
9705
5624
6282
3152
527
4037
5401
2970
4059
8334
9767
9504
1839
6935
5071
6476
9506
6390
8302
8172
2339
2851
7879
676
690
1178
7712
514
944
5799
3667
4237
7863
2623
317
1318
8583
5538
1310
833
6408
2258
52
5857
6262
5538
1891
9377
6275
3365
7754
233
3926
9797
8285
4126
5324
9652
1697
4135
2713
6732
7344
1981
9491
2669
6204
2271
2635
5079
8101
6709
6909
8140
9711
6425
9409
4424
8819
1224
7829
2187
3334
8748
2013
3751
8335
6580
5372
7045
3999
9190
608
9444
6748
7837
4849
6223
535
7107
9964
9742
4010
8891
1934
885
4124
2587
9597
1234
5308
2512
3485
6543
124
2970
1208
9983
3435
2286
3005
295
7501
1240
8027
5679
6886
1674
904
3956
9353
7609
3925
2069
6238
8805
8816
8671
9881
7319
339
7646
45
2680
4768
3510
5821
535
9049
3818
9292
9282
3011
9074
2463
5793
7342
8387
1250
3495
9429
3981
8640
8781
8447
6113
3478
4283
9796
8112
8826
2438
7011
888
2706
2875
9703
2982
1430
16
842
2719
5234
5027
7877
7139
3709
3728
3540
8061
2705
2690
2562
6840
3544
1773
759
1550
9737
1220
9322
7044
5918
1773
6059
6127
9041
6940
7184
228
1128
6199
3520
1204
5771
8253
794
2846
6953
7138
3307
8839
908
8436
7066
5960
2105
4888
9581
9267
5473
4859
4607
4463
4813
4106
3667
9050
334
2939
6194
8391
6046
9889
3229
4476
2378
7357
1828
6216
1989
1673
2671
9591
1040
8664
2507
3423
6615
6326
2610
1773
7575
6520
8464
3757
7258
6346
1276
9627
1103
2923
1870
9521
9651
6406
8117
1949
9991
7174
7679
4343
2572
4692
7152
7721
158
1537
3817
2560
4896
6899
7032
4797
5577
8579
5406
657
6688
3541
8405
2543
4087
9984
7483
1527
1382
1548
5156
1343
2929
5535
5689
7702
198
8847
1254
4723
539
3325
237
5578
8126
170
7459
1554
5638
586
8940
160
2678
6671
9083
9592
9182
4635
5429
3363
7279
854
3235
3759
937
1719
3323
3419
4311
1753
4785
5519
5250
9592
4817
2613
4260
4993
9832
4160
7527
9311
7521
8166
3637
506
3142
9322
8588
2799
9827
8295
6976
7414
4595
981
2492
95
6773
14
8548
7287
1249
9850
125
9826
5186
1505
8009
8431
1973
8232
4751
5023
909
6406
9554
2784
5731
7272
5889
8796
1356
5693
8502
2980
6074
4267
377
6733
9355
4223
8309
5700
9255
9313
8561
1861
3526
9783
6117
5684
2248
2753
2310
3383
3825
1305
8384
4527
1670
3180
4592
7788
4777
8458
7279
3311
8403
6713
7771
409
6594
358
558
9388
1680
5376
4867
6214
6733
9820
570
2849
2440
2057
4068
3254
1075
3384
1417
5987
1281
8270
9517
774
4379
46
1051
5440
2351
8202
6885
2783
8145
972
8468
3159
301
2247
6617
4022
1447
8359
2788
7464
2255
3860
3415
5527
5671
3337
9042
1590
7823
6777
2248
6893
5352
7429
603
4868
3733
2849
2440
3
7189
6525
451
1533
8964
5823
6143
4618
3616
4890
6526
806
4804
4300
334
1694
5177
8365
5199
6174
5308
4323
5916
9625
2003
5504
6983
9286
2009
6867
5234
8881
8829
8515
8650
8873
8983
6710
733
7483
2905
5193
8536
7204
8028
907
2536
7440
9683
4100
370
5632
3335
1888
1877
6792
5132
3133
4217
848
3441
8636
1923
4506
6535
5137
1801
6047
7698
395
9822
106
9490
776
5775
186
4660
9336
1127
3842
4769
2473
7569
1002
2294
2031
6809
3088
6543
2014
8545
3904
5394
6245
4891
257
9175
7964
517
2879
2481
5816
3027
6414
2460
9959
6060
3788
3024
4787
4676
6028
702
1643
2255
7254
5877
8260
7380
210
5662
3334
8822
481
7637
4807
3730
3585
2852
4672
5072
7124
2221
8910
5198
1089
2474
1322
3894
6089
4993
9364
5343
8073
2020
6478
7711
1998
438
6937
1812
7089
7899
5411
4513
8497
188
3386
9257
8778
8222
1718
2350
8443
9951
4569
4751
4763
3075
2624
8663
1134
4788
7338
8323
3196
5495
5407
7571
1040
288
8028
5789
3097
5400
1271
9190
4776
1392
4147
9927
6593
8805
8164
2882
6163
1860
5741
9793
5879
9494
6104
9380
1236
2789
2043
4135
4811
2027
9203
4889
2792
2580
3476
925
588
44
1518
6205
1869
8520
5442
1071
6263
7218
5714
2417
3701
702
2283
7843
8040
3671
4932
2576
595
4490
7445
8535
7182
2307
9074
5129
3045
9992
5800
6223
6873
497
7448
2031
1551
1543
349
857
7887
4574
3927
8480
7557
2338
7770
6276
788
286
4980
1358
4985
6916
3194
8017
164
3158
1297
2
2920
1920
9997
6695
915
6895
4541
5032
536
7280
2678
4748
8281
7789
1354
9022
6210
8834
4967
3414
2339
1461
7732
4367
7367
4502
4662
8045
9255
4429
3606
921
4730
8088
4299
3895
2224
4977
3261
3241
3376
2388
9507
4234
3690
7892
7035
4683
8479
7938
9550
9277
6834
2962
8508
6688
7120
5673
6446
6871
9711
1666
6745
6529
5916
7119
1005
6848
1709
4626
6711
9455
4338
4295
7650
839
4086
579
4093
8051
9048
1555
3281
4226
3826
737
7999
6653
3038
1327
5173
8052
4903
9905
4556
6607
2760
9989
767
9209
2580
2447
6954
1305
8126
6946
200
1156
6195
2363
4789
9756
3745
3840
7873
6773
6615
1111
5871
2128
7795
3735
2553
3667
1981
807
6775
5462
8941
8152
5575
1708
4868
3080
3299
2676
4395
661
4834
7153
1639
42
3344
4521
4145
3675
4784
4398
4667
4266
3074
2415
5085
5474
949
4071
3917
9545
5252
6294
9551
8976
5210
4864
204
5339
9548
4699
9235
1432
4054
3982
4887
3325
9138
3257
7612
5986
9238
3805
5473
7345
9754
6978
2553
8481
7040
6483
1323
998
3675
5033
731
5876
8365
5892
5402
2257
6722
9454
2903
2453
4262
8754
7400
2142
5529
6468
6370
7151
5557
9591
1286
6242
2933
4885
9566
3158
4775
894
6036
5416
3960
564
8606
3292
5571
7253
2764
6481
9866
6220
9632
6665
2151
3570
8339
7110
9840
6380
8783
8166
7802
193
8520
5940
4129
4317
8888
4631
6128
9134
1233
7997
9952
9026
8925
6663
9247
9110
9996
8471
1693
7174
8283
3200
9935
7069
5801
78
6006
9868
7791
2191
8780
1172
160
3839
3492
4158
5079
8486
344
3985
8724
2241
9372
7723
8453
1554
6912
3711
648
4955
2472
5932
1844
3468
5734
3765
3523
2437
5948
8735
8821
3890
3780
2243
3803
5166
8197
5654
2480
8565
5312
8730
7365
3994
5816
8806
8155
2105
8795
5557
3880
7454
271
1726
3459
1141
2515
4057
8117
3214
5776
8354
5145
4505
9734
9777
4057
4617
4412
8305
2073
1774
9587
1342
1889
340
5471
117
2434
9994
5655
3768
4756
3499
7162
3482
4243
5308
4922
3107
7463
8749
9911
991
4860
3337
8013
4919
1645
2225
1865
4468
3620
654
4366
8321
714
9179
8199
409
6151
1349
9920
1333
9538
3613
2548
2758
3317
8317
6521
1463
5024
7261
9752
3395
5329
4389
2370
2859
3366
7924
1188
1999
3428
6188
7221
3675
909
2576
1470
6327
9261
6641
1060
861
3675
7455
9202
1979
7760
8156
6031
7010
3163
9607
9194
5039
8159
1057
4044
4485
108
35
8471
4243
4669
8364
1443
2440
2938
6206
3773
9953
4136
9579
1342
6140
6952
7883
9679
1840
2043
5520
8560
9446
5615
6294
1445
7390
3796
7075
3088
9186
1121
8141
938
4535
6062
2683
5783
8275
5016
1757
8992
9780
8347
8712
3646
8043
4849
6630
3273
3693
5514
9737
6911
694
1408
9022
4849
8938
4505
7374
5774
9747
3104
7721
9327
1862
4176
9800
7945
5286
2915
6228
2434
5184
5232
7250
3695
5155
7858
8987
6590
6795
3677
1531
7899
3527
4421
5537
7855
6147
1272
9797
7152
7610
8788
1333
4343
8310
3818
7869
1406
2866
180
2036
6457
1090
4822
5572
4649
4155
7296
5472
1418
8390
1836
6019
9805
5829
5463
5784
5148
2324
8316
258
6157
1304
331
7246
9816
5787
8801
1270
610
6125
2998
4295
5859
7510
9025
7360
5008
9510
5844
1444
7310
796
9596
5774
9165
6607
1355
4308
2932
5359
7694
1994
1545
2790
4666
8633
9138
4543
4323
6646
8695
412
5195
2937
7202
6534
7168
579
1060
5084
3999
467
366
5655
2825
9526
7907
5476
6254
4247
3211
7192
8578
5804
6078
499
6597
808
7037
4992
1888
7464
4078
6537
4645
3369
3288
9088
6879
3453
4789
7230
1826
4528
1058
3310
6762
924
7372
1446
5651
8656
453
787
6620
7923
6919
8137
3059
4119
36
1900
4461
3450
6653
659
7939
5215
4017
9152
2087
8512
9554
4387
6637
1249
5012
5530
8753
7832
5920
8716
2617
8811
5109
8840
934
4557
7514
9889
534
6255
8206
3759
8777
5614
1751
3514
9126
7429
7786
3917
4202
5956
8293
3564
5376
7961
7432
9344
6435
1106
474
4990
5654
2298
7345
3506
9314
3763
7066
593
379
2371
2080
5592
9251
2591
9105
775
2684
419
3876
5224
2285
2947
8134
85
280
4911
2362
8529
6930
5268
9997
8977
932
3476
4106
6505
1035
9685
7950
8804
549
16
6276
8316
1991
6910
9587
6566
5172
2096
9714
8023
1294
8961
3987
6388
2201
8871
4793
4846
112
3283
4546
1778
6145
4796
1007
6997
9011
6563
6414
5885
928
3255
3943
6937
5013
5029
2628
3221
2978
137
8018
9826
9033
7072
5606
1918
7187
5882
4082
738
9645
8318
7073
3914
9832
1870
6460
5534
2452
3458
3388
452
2596
6978
2520
7454
5325
9440
2498
7722
8749
8969
8826
1773
7921
7780
1191
996
9943
7336
3449
4734
4861
3434
1867
8419
5830
1267
6033
1169
8387
9326
3955
5318
4230
7176
5736
2599
1922
6707
647
3298
966
1096
4657
6394
5491
7684
4450
9350
3507
9019
3534
5063
4725
5808
7111
7405
7532
1262
6890
4638
3407
7430
1836
9777
7057
32
2294
5495
5943
9736
1524
4177
6239
3942
832
2365
2934
6672
645
8884
3637
7801
1445
3831
1562
8883
1642
1460
5882
3943
9221
8230
2885
5500
1961
1169
5272
8639
17
4013
5656
7338
4460
3637
6100
9947
6482
8120
3734
9379
9061
5448
7546
4237
9550
8328
5785
137
4736
360
9928
4886
9912
1442
1019
2294
2938
5013
7748
102
3153
1981
9397
4501
9014
8153
1918
8158
3952
7073
2227
7611
5815
8076
1371
1240
7889
7196
2548
5696
5790
633
2977
5261
7518
6852
3435
684
853
102
610
8411
1897
7844
7938
2116
712
9445
1080
1742
1346
9521
1455
9486
930
3666
8768
4845
3605
2673
8324
4087
256
421
227
3660
3009
8519
627
4983
4836
5408
3256
5541
8319
6939
6186
932
8091
6154
1282
8635
6705
5882
663
321
4392
8533
8518
6723
9963
5523
2930
7633
8722
111
7689
6044
1814
1419
1007
1573
3453
4104
3078
8017
5583
6628
9410
6050
6886
6369
417
4586
3151
134
4529
5930
6742
9709
9441
5563
8849
6044
6587
8668
5757
6443
5815
2968
8111
8002
8814
3767
4738
4003
6878
8777
6016
424
9082
4272
4459
7903
1612
1515
2157
3513
958
900
6225
8019
1379
2351
3953
2086
8389
9080
2989
6212
5507
4131
8261
7138
9475
3207
5679
7274
1268
7437
8950
6649
4342
9049
2153
8056
6525
7172
1309
9481
332
7415
460
7088
6731
7761
4190
4512
1975
2225
584
6676
3429
9915
5696
5315
5810
6577
5926
7649
4867
1542
8482
2251
6302
6908
9254
8976
3291
4709
9100
2202
5758
5234
7117
8725
201
9122
8880
2606
6644
9539
7840
2037
4015
5935
4371
2658
8941
1297
3895
1223
8700
9749
7781
1170
3657
1481
563
3866
5972
1123
1777
7368
4774
3587
3435
7765
180
571
1011
3991
9757
7071
2978
153
6176
4575
8571
4727
41
6251
2784
726
7306
4612
8995
7071
6533
3623
5300
1745
2669
2366
2909
3574
2059
4238
1218
1920
5115
1724
9820
7729
8334
7794
7452
2874
525
617
2351
4248
7383
6092
1144
9565
6688
843
1562
7085
4095
3437
6359
8732
36
4084
688
2234
8993
6445
9880
5698
1497
589
2808
4864
5462
1971
16
2579
7477
1701
6126
7825
3629
5186
4428
9624
8654
8570
5350
3170
93
6237
8745
2485
9710
8743
1184
3732
9904
6339
362
6876
7930
2552
9247
9509
4030
4088
2588
6374
475
6104
2107
1512
3043
9167
2481
9929
6599
2048
5422
6924
5699
1501
8381
6418
5428
5432
130
3475
3005
8196
8193
6256
2962
6362
5277
3547
375
1075
2629
4327
4700
6438
1200
0
4622
5334
3106
5524
4162
2608
8110
9565
7044
7916
4381
1374
8847
4687
1232
667
1263
4731
4159
2133
2535
191
1567
2960
2021
3067
9764
3491
9531
958
4434
3868
1611
1747
6460
6438
9630
5382
2537
6731
8680
7089
7401
3837
9288
5990
1645
3450
9026
367
6293
3150
1979
1474
1493
4822
6703
5178
4318
2156
2177
3728
5560
2313
9410
8392
9847
7651
7039
6239
1775
6015
8501
5517
367
7295
6769
4888
3687
4889
5351
2157
9472
2126
7919
6813
4320
5629
3027
2870
4407
4491
3989
3775
9560
6408
6314
7042
4135
1582
3522
9274
4068
2533
5357
6309
1756
7691
4378
7119
8612
1821
5253
3967
6326
3383
3645
2420
9703
304
8896
5116
7395
6783
6848
6327
1231
4590
3735
8891
7615
3759
7166
6074
1815
8903
9204
3753
1546
6623
8528
3424
3086
1294
6569
471
1446
4277
6264
45
5019
8209
1069
7921
3128
8380
9795
5205
9401
8388
9554
5181
2564
3152
5433
1803
3575
5909
9334
9520
4819
799
3944
7052
9896
3105
5815
9812
4455
5121
6525
5859
9718
5234
830
4254
8321
8263
343
9748
2587
2827
644
2370
6807
4608
2725
624
3822
2467
8683
6598
9698
8163
4392
3029
7034
4256
757
6348
3135
1951
1504
2382
3569
8575
1864
4643
2415
7974
2796
1513
278
1393
7466
6771
1506
2728
6640
8721
330
3841
7288
5659
2643
3497
5960
4445
3172
4393
5487
1784
31
5231
5367
2310
6250
3277
4827
1727
2722
2336
3401
9051
2146
2438
9194
4013
5028
9985
7690
9393
9318
6985
2896
8075
5636
6400
410
4021
2603
6117
8682
9917
9903
613
810
9964
4361
3332
4624
4394
3204
9474
60
5674
4238
1211
4936
4458
9513
2766
947
7625
7124
9831
6132
1650
9138
887
5688
8091
6556
7356
6541
6229
3081
2401
2131
37
3006
8064
5742
7240
5477
3515
1334
9627
3887
4427
3627
3432
3810
9796
7915
5652
9372
4177
4172
7041
684
8449
2968
4788
9672
7813
2424
9245
3224
3090
8679
1829
2362
916
7065
6878
6197
9552
5677
6467
4068
1530
8
4175
196
4938
8168
1519
9109
9282
6824
2564
7382
4098
4393
9250
3935
7194
1167
745
3621
6987
6688
9673
9398
5688
5522
3079
2058
488
1832
9226
1053
5260
3307
9926
7169
3474
8770
2948
4869
3373
5145
8912
9712
4215
3811
9500
7468
5352
5492
2354
2000
7740
6112
1012
5064
4081
6280
775
8729
8303
841
6187
6634
4594
7976
89
7387
599
4834
5292
4991
2918
3824
4116
7887
1210
8512
1505
8911
9893
7098
2361
7920
4270
3385
3924
8019
5021
390
5821
8768
7987
1357
9966
2851
3180
6059
8489
1699
5538
2165
3710
9980
306
8558
9507
9510
1043
7977
3049
5601
7852
9061
5087
811
2773
5944
408
8425
977
4678
7301
7790
795
7651
3130
201
6124
2402
7069
1543
2509
1059
502
7890
2031
132
6206
4378
9445
674
9717
1351
8078
8011
7548
5512
9558
9448
2068
7982
7122
3389
361
7463
6650
933
1591
8085
7937
8251
604
8517
2684
5410
1285
5018
6365
1344
1240
1683
4805
4362
4306
5075
7685
69
2972
13
4284
5388
8332
5731
5341
1002
6376
2429
1242
1199
5913
8991
7193
9067
3333
8003
4079
1106
2788
2350
9874
916
7725
5434
2708
4416
1883
1184
3811
2251
4857
2369
7271
3842
9504
9006
7559
9258
7158
1326
2584
2399
2251
9262
476
9360
1195
9970
3811
3773
9492
559
7530
9964
57
6579
7143
279
2282
8380
9451
6249
1401
8452
1798
3380
995
156
6352
6125
37
155
7649
3515
8267
1433
5482
3898
4930
1377
9076
391
3268
5066
7847
4373
8868
5809
8243
729
9615
9418
2144
1221
4791
8851
2657
1221
9147
4896
9204
2520
4249
7293
7382
5422
6224
6376
2824
5144
6319
7121
7259
7041
3714
5052
3777
3262
5291
6304
1814
5393
8157
6831
4584
6509
9792
1249
9678
4357
375
5633
8964
4206
8760
2727
2887
122
2134
7031
2980
7854
9898
4742
5042
2669
3945
7429
3516
903
3924
1454
5396
478
6319
6387
7292
4718
1501
8404
8585
7405
7616
9653
7941
1429
6510
8436
3212
1449
3466
4386
863
3434
7814
1997
1765
3304
8157
3389
2183
5802
9699
1754
6389
2903
8067
7576
467
5823
1621
9436
5763
5736
1157
4165
1457
7272
395
247
9203
7067
4760
7995
624
2544
6916
8486
4225
5819
6804
6392
4777
9221
7768
9615
9964
4335
7823
4000
2809
9180
1440
6745
4945
6704
3242
11
3150
1298
9971
2220
9463
6255
4250
3626
7595
9604
8699
5221
9250
3214
1395
8695
5393
3803
2695
3627
7659
4704
4195
5390
8137
9004
8736
9748
8609
4786
7363
7632
8080
829
3124
2495
3748
2225
7330
1645
1244
8788
3927
7491
4980
7013
6903
9040
5572
8114
945
5077
1738
2097
6098
4923
65
2086
596
6105
1279
4023
8864
8169
5722
5359
7695
7068
8760
6198
7488
1740
2831
62
117
268
4825
8222
8096
5646
2423
779
3768
4978
1034
1340
6335
1696
2614
4649
1237
5474
7062
7334
3768
3878
6449
8591
8851
7481
5389
34
7606
1900
1117
5333
8012
1999
9033
7276
4864
4670
7756
2417
5234
6884
3608
2192
6495
7127
5040
6831
4370
3177
6038
5563
4306
8789
3000
4710
5321
2906
6208
7392
1982
7473
623
2187
4437
2323
6206
7145
103
4268
1588
3632
2337
1012
4733
3789
9601
4350
1836
2007
4096
3960
874
174
3751
2189
1412
2259
1688
3997
7943
5890
1941
1822
6292
7256
2785
9245
4100
4357
3342
3826
191
5705
7507
2276
3268
8983
1621
8606
1256
4812
2507
6746
135
4308
397
499
4496
9027
2476
38
6343
7496
1377
2463
2337
4429
2333
5923
4660
4260
4777
4487
2533
8132
3470
6105
399
321
6134
1114
6847
5074
417
5154
1508
3161
6246
2470
4766
3159
4747
7879
356
4542
6689
6338
5072
9444
8416
5547
9147
8510
7209
4840
6156
8853
5141
1399
7859
9174
2742
5311
4274
1530
3432
6864
2043
582
9144
5206
2373
3422
336
7392
3300
7188
4470
5178
3146
709
3592
1504
4552
8170
7308
3301
89
552
4353
4815
668
3535
1592
3622
4103
7150
7913
1691
5840
7148
5608
9502
1115
7564
5230
4405
7651
4357
369
21
9891
526
2118
5644
2254
7666
1251
1636
3659
5825
35
2176
1513
8691
8411
335
6927
6380
6884
2328
1200
8759
2208
9731
8376
92
9945
9079
3604
733
6781
1483
8197
1749
1889
8592
6601
1122
7825
1348
766
5462
8792
5526
8567
4121
2395
7757
1205
8321
2309
8097
3869
7017
3316
7945
7742
337
4604
1464
3400
2327
2775
7813
8851
1609
5078
1401
6016
6309
208
3664
2706
8853
6318
8396
4159
7071
6798
2769
5039
2122
7312
2167
4331
4437
8783
371
941
8552
6390
2797
7267
1920
2875
9797
9252
8242
8974
6803
7279
2047
4940
9145
6758
3971
3823
232
7383
7757
3432
992
5831
2319
1519
8852
1206
3299
9852
2139
8162
9334
9237
739
6209
1714
4828
9415
3140
8196
9559
3447
7715
9712
9853
1683
74
6528
4214
1205
1374
6640
8791
4877
4679
1299
5286
8656
8703
5613
6370
1458
902
662
4825
8693
722
4774
2690
7205
6392
7721
9593
8100
7610
3864
2709
9187
6890
4902
6517
8326
8838
2250
4091
3715
8363
7093
2428
6659
3396
7207
9782
4196
4297
2408
9343
7486
6658
1521
5679
4468
9509
7982
7849
3265
5652
9432
6087
5106
7800
1281
1143
7342
4409
5686
4779
7578
4485
8011
7517
4333
1834
4313
953
6526
6583
732
8023
1924
5625
418
4787
5547
9118
1112
5527
5208
3794
973
5397
972
5878
9663
5842
3000
3101
5659
8267
9941
8233
736
2766
5766
9629
1029
5938
5024
4497
1683
8685
2942
399
1829
1339
1417
9986
1268
4109
3601
547
3086
2363
7924
6736
3014
2202
9401
9899
1014
1132
7469
6600
2024
8406
565
8133
2228
8722
4563
9360
681
9017
2757
9476
99
8214
3359
6832
2991
8221
7536
1538
7507
7825
2167
26
28
6372
580
4661
9763
7004
4175
3460
2203
9118
2528
5840
80
6520
3644
5555
6096
9061
728
8484
3420
553
1456
6658
3502
4258
2865
6329
1069
5683
2963
9494
8594
2484
2848
2187
977
3611
1372
2084
6090
1000
7946
5216
48
8536
5654
5376
2442
958
9272
6729
7590
6988
1817
1161
6903
1873
9446
3303
2801
4304
2397
4179
2086
3536
306
8959
8613
4051
3359
377
5721
6486
9959
8566
2946
6177
4831
3039
3645
2022
5870
7072
9728
2501
7541
5850
4469
2284
5389
1387
7266
6318
3060
8462
2389
5261
9957
1815
3859
9379
9984
625
195
7613
1470
2858
7548
8112
8447
8008
8379
2058
7306
641
4507
9653
5455
3060
9005
1615
9561
8178
580
495
2118
2963
6024
8255
2437
7326
5104
8646
342
5183
5179
1852
2746
6823
4652
8649
8293
5614
4882
1342
5662
3302
7395
9286
4949
5993
5292
4585
4896
8434
6989
9063
8694
9976
3467
8764
3143
7993
1835
3795
9032
9628
894
9546
3244
8087
4148
8798
2413
3752
2753
697
8712
4230
3655
8221
6094
7434
5687
6457
6730
4659
4579
6518
5473
3277
9146
6656
340
4547
7218
5238
4609
5962
5160
6036
3826
1499
5694
945
6444
1985
9613
8116
994
6229
4056
2412
9077
7631
2086
1820
8137
2369
5389
2017
389
4343
3824
9901
9058
1542
8141
1206
7386
8087
2472
3256
5355
7505
7787
3764
5175
6998
134
8352
2517
902
5567
3271
8024
7936
4917
9758
2718
8516
6501
5422
6854
3229
5515
5931
894
8263
1498
3186
6974
6547
6262
3867
8460
9537
741
3971
8053
5078
4850
5245
4910
9302
903
5423
3980
7914
9577
5554
4693
6762
6621
149
2969
1243
4644
6580
6374
8311
5775
9726
2683
9066
9363
9147
9193
7934
8849
4006
2745
3893
5343
5930
3038
161
5228
5192
7178
8217
2633
3405
9392
817
7175
2130
8226
459
2347
9593
6439
7755
236
3095
4765
1925
4117
518
5265
2100
8890
2244
3716
5890
4896
5916
8396
86
1697
4832
8949
2613
5972
7811
3203
6183
8871
687
2415
4214
6551
2652
6501
4409
5606
1872
1734
6946
9618
2973
7396
1039
6742
7758
4558
4529
7693
7628
1186
9172
6319
216
2148
7942
994
8142
5583
7024
2506
6082
3387
5246
887
4264
8556
1049
9403
5293
4224
4106
6724
8294
1233
5668
65
3298
3959
8604
5917
9314
4476
2888
1949
3699
6904
6446
8602
4328
1017
9294
1212
8701
7818
2660
6007
90
4758
9776
3848
7059
7082
3290
6391
1551
3023
584
6129
9587
4642
3717
9720
3890
274
6161
2391
728
7819
1733
4635
4357
103
1924
6647
313
7588
2209
4801
763
3398
8156
7055
6312
9066
905
9301
5253
2900
5450
6500
5385
1329
8898
1561
4633
6309
6165
2390
2708
5718
6023
5696
6417
8131
1328
8786
8324
2696
9730
23
4069
8775
6505
8159
212
8635
1789
4496
7543
3800
6916
4723
5635
9239
5472
4791
5406
3949
8892
5576
5760
5157
7498
2292
403
7386
7204
4561
7492
6255
5722
9051
9676
2096
4791
49
7216
8418
1968
4706
9710
4749
6623
2226
9974
8647
9209
8758
5573
8977
9617
1540
9277
7554
3553
2952
6522
6970
5962
8433
6026
7098
2019
3499
7162
3052
1472
2810
3035
5768
9661
5277
8253
1150
1126
4775
5807
2152
6882
8149
1611
9979
1160
4382
1152
2541
4140
9681
3244
6035
4380
3184
9926
1235
4991
9217
4441
2700
9008
7985
8080
2001
5249
593
3311
234
8971
1462
1753
8792
5816
4271
6650
2038
3899
7951
6337
6798
2096
6546
1008
6192
3329
8329
617
7692
6515
834
2413
8593
2371
1401
329
4488
4903
4386
1642
3505
7237
6695
239
7905
3816
8685
2382
2357
3568
4700
5591
4625
8958
6658
3387
7850
4668
9529
7898
1812
407
2673
1685
1810
7208
1140
8317
7133
7485
4297
6758
4644
3373
3644
195
8492
719
1721
2148
6867
7570
6152
1587
1700
9127
5233
6954
612
6350
7003
3428
7561
4468
4205
4147
9466
5868
5422
9241
1840
6469
3275
8504
1954
6213
8238
5942
5073
9253
5810
9916
5240
2319
2063
8755
278
7369
2404
5675
4077
3927
6013
1986
2970
9850
9140
2005
982
9558
1037
6703
4843
8384
5522
1665
5193
116
4905
3733
4734
3190
2601
9060
2579
9100
1204
5052
7854
1923
4292
1548
2698
7821
8509
4639
6452
6323
717
894
5820
2702
332
6519
1856
1664
3588
1859
174
6136
5819
9887
1457
3451
6777
4888
9503
8778
5744
7207
8069
3684
9204
1921
7812
518
2236
8011
4395
568
4943
9067
9288
2616
7151
7539
2416
4476
3534
2897
6975
6312
15
2542
851
1789
2071
9410
9990
8286
3419
6024
3210
2069
4540
5506
8041
1986
9144
9292
6094
55
7586
4189
8440
1102
753
4376
5489
5097
2039
68
4537
4992
6009
7957
7562
8897
3398
2795
4379
560
5766
9166
7589
8829
1005
7238
2550
104
3405
5972
3197
9959
3717
1620
2026
5971
6541
4837
8573
5602
2943
2733
2119
9752
8320
3947
5235
5775
9041
3054
9848
3799
5212
8619
9260
991
735
453
8069
2852
1687
237
309
8110
5622
278
7007
8791
7484
3583
4553
538
3579
9606
9582
6388
1304
7885
1617
4930
4911
1041
4165
7710
3621
2688
2631
6359
3826
7128
2294
7964
3328
1617
2772
4057
2964
298
4508
9333
6103
788
6947
7545
5639
6579
3445
7548
5536
5057
9439
503
2901
6912
3406
137
3522
4253
503
7838
6915
4350
6458
1591
4126
2925
1561
2646
239
3371
2641
3008
5275
2415
5836
3250
5335
8317
423
5719
8243
9431
2135
7158
4837
1113
1864
6099
208
3833
3742
8169
931
5043
8877
6099
5143
3369
9981
618
6772
4088
7385
6864
4208
2253
4648
817
5356
5916
237
924
6308
3707
9191
4373
5908
5462
1595
713
44
1370
6863
7028
7394
3343
3063
5497
2962
9570
122
2339
3716
3968
1704
2386
2942
3127
5175
6308
6406
5892
5922
341
8714
3934
2777
9777
8313
5522
4964
4535
8858
2537
6934
7135
5532
407
8974
2166
7409
3741
6313
5312
1437
7273
286
7658
9867
9084
6964
9916
541
5233
9880
2918
2914
2325
1565
8687
2216
1987
9262
8185
4878
2670
6241
6281
884
9488
5874
140
719
9484
8032
999
3901
4414
8194
1717
6683
4290
3872
2788
565
6978
5554
1290
8215
5719
8291
4049
7722
6595
6776
7225
6655
7394
7174
511
431
2793
2366
2124
2817
3965
8448
1410
6962
7920
7297
8843
3145
1840
4697
8723
4746
2670
6727
9795
8755
3330
166
9062
2276
5978
4193
3089
924
5764
4914
7545
2422
5980
482
3864
4784
942
7331
989
5540
2769
6614
151
2487
4956
6947
2230
6213
8559
8118
2219
1339
2579
2767
1563
5566
6801
8827
7500
840
601
5082
3797
8425
3617
2330
4703
1979
3401
9278
2902
6057
8204
6130
5123
9863
4568
5484
2062
431
4653
7127
5363
1516
3929
3518
2982
9855
997
3378
785
4446
2713
4565
3797
2236
5817
4339
9795
3978
3815
5245
4156
7759
4981
2065
6119
4994
6058
3219
6205
7848
3999
9832
9103
6938
9483
4346
7170
4559
8763
191
6906
9992
5831
3803
9679
4240
6642
6206
6352
7682
5090
4002
7269
6860
4114
225
9588
3235
1293
2361
3412
3818
2362
8425
5776
47
1667
1478
2434
6285
8702
6778
2396
8242
5143
3599
5520
2926
412
5002
476
1572
6974
3356
777
9851
2129
813
5667
5446
6597
6652
8953
478
2734
2893
7962
220
2444
4702
2382
638
4364
2977
2302
4881
1158
9876
670
2636
9819
8877
3412
9894
7468
9143
3054
5034
4561
1309
7708
8433
1107
620
6308
7760
539
1691
2621
3060
4761
3481
9160
9795
1166
199
6211
5582
1474
6482
7642
5243
5156
7775
8669
5533
6461
3999
356
4295
8143
9450
1555
3924
9500
9821
7696
2327
8770
8036
3340
4543
8845
368
6014
2920
4610
6108
491
7649
2476
250
9277
3731
254
7008
443
9879
5459
9570
4951
7709
2303
8098
5840
7598
9117
4069
9752
9684
6260
580
6783
2619
4266
490
2827
3138
9367
2167
9555
7852
4346
6280
5868
2960
3285
1645
3198
8939
8440
6058
7473
4854
1509
3149
655
2840
4706
4319
2059
168
9145
5395
4009
9047
7924
5599
6360
2247
4569
8801
863
6833
8441
3297
6174
4477
6982
4544
6854
9664
7732
1975
2590
5726
3985
2249
9691
5627
1382
4194
6530
6764
8963
961
8158
5154
7794
4467
5351
1691
2123
3700
341
6180
6621
2777
5926
6353
4827
3837
5293
7137
9661
6907
3511
7284
8525
5768
9670
110
9208
555
4234
1101
1504
2601
9150
5979
2318
4629
3049
1286
931
3133
3399
7757
782
7845
6997
2763
9598
4641
4008
5213
1174
3126
9799
9589
1215
2605
801
5047
2781
1958
7395
7250
153
8559
9369
1561
8294
6938
2158
7713
9041
722
2327
2460
8948
3789
6515
8294
612
1003
4297
2621
7036
2659
4817
2972
2701
697
6988
6316
2433
2912
3149
5582
4573
2267
672
6327
4102
372
1532
5095
4641
7363
5783
8790
6958
9723
2816
3357
5208
3151
3078
73
4761
4275
2455
6169
5061
5599
265
8416
2879
1425
4922
96
3586
5199
3465
3758
9000
2925
8808
7500
9599
2619
4356
6527
4554
6951
3007
6504
7837
2832
6302
5281
6878
2413
9961
1950
8163
6208
3944
3126
7509
9399
7728
6899
4788
3457
2779
1309
9412
8688
5868
280
1840
7566
4493
4830
8158
6629
3544
3228
3684
6096
7692
6532
7415
9551
2206
3724
8062
7199
3200
9025
8254
9255
2153
3987
3738
9835
8577
8167
3143
6136
3477
2266
9188
9104
1153
9475
8024
7360
2707
879
2851
6629
8
945
2462
9436
5595
3153
4594
8604
1139
9528
6504
1263
5516
5426
4480
4720
1985
1383
5996
457
5514
1107
3125
5422
4508
1545
2100
1005
5032
3025
1511
4081
7323
5880
654
6989
2024
8462
6707
5617
156
6393
667
2782
5227
2509
7213
8168
7913
7803
1199
8432
2368
4080
8339
1
9192
9608
1024
589
7326
198
6865
4017
4131
3652
3122
4474
4941
2968
492
9875
5233
4703
7227
6035
9327
3635
1880
4332
5744
5729
9866
7081
419
6355
5706
7544
253
5476
1975
1810
6937
3340
5827
3157
4397
7266
6595
2468
5459
4012
74
8794
7138
2510
8163
8589
8935
3318
8919
2456
7794
1306
751
7312
8804
6882
4298
892
6550
1305
152
2631
3775
382
6439
264
4199
1886
5189
3562
9187
7796
8254
9624
806
7358
6461
3753
7088
6972
7000
1314
2321
2195
3768
4566
8741
959
2519
958
5159
7052
8304
5092
9967
5248
3806
9377
6465
9189
6134
4115
4497
3535
2160
2641
387
7472
2311
3668
8125
1011
9007
2358
5359
566
7903
9855
7699
2279
6882
6273
7552
7876
9281
606
7874
1349
4725
2997
5787
8833
6633
98
2585
1379
2972
6101
1615
3347
7689
4467
9423
2250
5019
4457
4966
3392
8585
7012
3166
6260
4535
2587
4914
8685
5575
5613
4671
3189
2235
6269
2369
6044
7893
1784
4358
417
657
837
1944
187
2397
6296
2032
5069
1354
9199
2127
3130
6210
7893
3437
2865
1266
742
8171
7829
5101
6096
676
8653
3181
5991
7931
6318
2456
2806
9402
9666
7379
2593
5836
7012
2032
2165
3954
2982
6629
8873
3004
7866
8434
547
9854
1782
7567
264
6088
878
731
1101
1000
3208
2447
9260
2113
2996
4382
1316
6890
229
5914
4000
8897
4947
2805
8428
7992
2869
7118
9907
1852
6451
2551
8571
2040
9242
4784
6624
6204
3559
1768
5699
2036
1274
3749
9107
6223
598
4880
6585
1308
4753
7546
2914
5010
8957
1803
8103
1957
5474
8041
8403
4786
655
5156
1279
0
9653
119
8832
1395
9380
1026
9122
4789
3819
30
4365
7495
9154
8647
9849
9826
5890
4165
9623
5552
4433
9511
7497
8065
3174
9840
7108
5018
3680
3763
9671
9190
6426
9855
9611
7899
4240
3067
1272
5997
4485
1790
9776
6366
1843
2119
9533
8794
3135
8765
3339
2679
6158
4531
3218
5753
8622
3622
8790
1084
1080
9241
9383
4617
7611
3574
5623
3862
7911
202
3625
7456
6263
700
5994
9667
5808
5967
2084
8957
7606
9870
5715
6074
7511
8407
38
451
4682
9143
8608
1155
2368
6965
8942
7928
2096
5242
6243
6909
3278
7201
9271
2057
1015
9489
7402
8198
6541
7338
5817
9493
5185
6788
5790
6709
3125
5589
8366
4422
2299
4688
4545
4656
994
4174
6889
3791
3565
6660
2095
73
4102
2974
4130
191
9831
3391
4419
2075
5160
4965
8988
7531
3287
8807
9512
4350
3171
5169
6870
2738
5049
4612
7335
2406
7960
1735
8495
3305
4228
7764
4302
3219
274
3126
1915
6100
2698
1878
383
5085
6045
8654
7154
8657
21
2769
3148
8853
7549
4227
6883
7825
2699
3365
6579
4870
2722
744
8408
9155
620
6863
4855
6354
8047
268
9966
1353
1183
6274
4799
1404
4095
2689
4194
2891
8634
2712
3416
5691
9551
4808
7645
2370
8224
6113
5282
4608
8034
1663
8298
6701
9190
9083
5542
9802
498
3331
2362
5038
5018
2546
7131
8880
7759
2555
2588
4111
6216
5446
2591
7228
5918
6341
3305
7
1659
9073
1372
9278
3930
4769
7977
3299
5014
7988
7429
1082
1325
4642
2833
8637
1695
1858
4511
1442
6287
5571
113
5727
8769
3592
9250
6559
4489
9232
6180
1918
8216
7813
5759
8561
8100
6375
1800
2768
4919
7567
8383
7075
6986
4630
1416
3284
3215
889
2159
8080
305
4838
4140
4413
8668
535
3993
8179
3635
3895
9604
4447
6746
4691
1700
545
4335
4496
8556
2098
1286
7397
4388
2881
1102
9983
6593
9567
7993
5315
2314
3098
4755
3581
5861
9012
344
380
9731
5040
5771
5575
1634
1851
1680
8356
2869
5573
8142
6471
8493
9297
9167
1696
9706
6475
3395
2954
7944
4012
3450
6589
8038
8626
8086
2008
7815
1803
5146
3063
3407
766
7249
6466
3759
1918
2594
1820
2714
7088
8569
3079
5501
5339
2231
1268
2183
5240
9297
4914
7517
4890
4837
2959
3377
3806
5189
8882
1048
9563
4398
3394
9348
6400
3702
1752
9367
8103
3991
6109
8221
5635
9349
7855
2618
8618
364
701
644
1239
5966
8895
9260
9014
1216
250
3785
2991
9831
996
4785
3452
4096
6616
5924
8774
6871
5117
9380
6673
8695
9253
9275
939
2737
1520
6201
5668
5296
1692
9883
1608
1139
7745
4226
2450
1205
8267
1828
8472
1889
7676
7888
8989
2913
5449
3823
2337
2570
3555
4418
3625
8729
3798
8105
8215
6194
6522
9121
3007
4651
8110
8522
9045
832
6669
9239
3334
8041
2340
3438
5437
9783
3943
5781
5636
7800
9047
7936
2897
9345
8413
889
4448
5480
4850
1894
6082
2826
6390
1249
6922
4826
2069
4477
8509
4193
8940
4561
5040
6551
1587
2398
4712
3100
9011
816
3237
8301
8333
5158
3154
4447
5748
1151
9335
4403
2526
4668
575
9002
4117
2497
2706
5803
9009
1416
8331
7203
1963
9633
3912
9748
2598
8905
3410
3943
5606
7817
1602
6012
6195
1215
7211
8647
9672
6534
954
5200
6313
3142
4301
2485
8605
8538
2136
479
9752
7146
7533
1374
9456
3211
6285
4586
4933
8511
6890
6023
2163
4137
1240
5497
9747
2315
3629
2662
1474
9034
1206
4375
1954
5387
4113
2351
9339
1523
4710
7801
208
9168
5395
2376
2121
7253
7597
3314
199
839
2649
9238
9376
9511
5888
5446
5286
2874
1499
5675
9595
6947
2973
3555
8602
1275
137
205
6685
2131
653
9623
8058
7348
2921
9044
3061
1973
7569
2921
6153
4070
4736
8764
4220
2574
2155
5902
8557
6416
5333
6826
1042
7811
3518
5588
5541
8705
9288
6706
5799
6883
4168
3533
4119
6715
6264
458
2767
9746
3161
6350
7630
270
7652
702
1297
1484
3123
3561
6635
2832
819
7428
7986
1247
6986
712
4565
2183
5516
9410
6463
7582
592
8039
1213
3833
4491
954
8055
1838
5138
3468
8183
5720
6451
883
1924
6907
2003
706
7271
5590
8038
768
5793
9916
4728
5113
5181
3366
1032
9131
4364
1717
3025
1829
5832
4962
396
9679
3530
468
5945
281
9625
2857
6630
6186
3782
5855
4649
347
2301
7149
7975
6939
5152
359
2580
9555
1420
7487
8079
2248
1254
7423
413
7580
4069
3982
2120
1884
4050
4474
3352
3298
4440
9387
7178
8734
9397
5455
1841
4686
6072
9235
1893
3100
2425
98
6253
4707
3069
7425
7854
6921
1155
1276
493
7384
8997
8866
4865
7728
5893
3048
5407
5663
6102
6057
7524
2602
857
11
2863
9807
5777
5350
8617
3382
534
801
932
3320
9081
7698
1354
4152
3576
2022
1249
547
3655
8204
9616
9573
4911
8484
6545
1670
9014
2389
9808
3699
8765
9860
2095
5060
1120
8416
8979
2845
7012
7982
9572
4766
4032
9891
7382
629
2197
6844
1544
4403
8449
8151
6836
5696
6614
1004
4226
902
4203
6762
7704
9410
7414
7337
3372
7287
5102
6063
8181
10000
5038
7867
1591
7231
17
2337
1079
3163
8700
8457
2138
6113
7967
7258
4732
2522
8636
1029
1046
9663
5437
7679
5752
1995
4498
4262
6567
5435
601
6731
3172
151
259
782
1622
5792
1854
4193
6700
7845
7745
8771
764
5318
5157
4181
6808
7863
5427
4317
8158
8503
2445
6165
9550
2557
9998
8679
567
4333
2408
6647
5764
4065
6287
2791
6505
3829
6366
6478
9535
6791
5435
7987
7602
6716
7375
9748
3187
8849
8274
2084
5822
8421
256
7177
3732
4136
5264
6630
7697
3446
8568
1941
5091
1777
7056
7087
5284
7882
672
761
9905
6065
9521
8100
988
4562
856
816
954
6863
9984
6753
4989
1776
1825
9701
9220
9194
3750
7529
707
3725
8256
8685
124
9266
16
7159
187
4752
8855
7762
6328
1199
1698
7232
7344
8161
4631
1740
8537
5007
588
4538
324
3256
7351
471
7966
2424
3797
1314
7191
9150
8970
8853
7497
5180
9723
803
3555
9898
1162
637
1817
6333
3825
1898
3489
3908
3141
7902
8823
1180
2035
420
6700
941
3070
7451
1292
7150
3352
276
8719
6635
5642
987
2336
5811
1948
4530
356
4841
4837
8199
2882
8211
9754
6577
1812
5863
7219
5490
5250
6949
356
4279
7142
8510
5955
4776
7096
280
6459
5912
8193
4972
2597
4
6854
3073
8501
6947
4493
2334
8549
1433
4612
8705
7546
3661
278
712
5642
5507
9059
8000
1439
1865
1795
3219
1119
1779
1713
4105
8735
8292
7897
1038
4191
6315
8413
8069
9038
6857
408
9461
9530
2409
8750
2186
4083
9340
1754
3723
8579
1066
605
1157
4565
6920
7553
8268
1600
1322
366
4480
6486
7215
1155
5042
168
4092
9961
3845
335
4654
6614
3105
8934
1881
4614
55
5728
6631
5232
9862
1892
4031
3717
850
5729
1090
7328
4466
6833
1120
1494
2616
9406
9114
9007
888
5384
4241
9941
9423
3647
5183
9912
9829
6350
2801
2718
4728
1096
8950
9317
1598
1680
4146
1144
8888
3336
6652
10000
1371
7517
3303
1802
6496
8007
7913
6165
3119
210
5437
2121
3016
9509
2829
1534
3797
7168
7932
9079
2932
6652
6215
9773
7557
6727
3987
6295
1239
6127
1037
1371
2654
2703
7759
7365
8055
4623
5153
9846
356
7977
2322
1954
7601
3868
3753
8303
9112
160
5511
5751
7391
3611
3656
3141
6481
3346
5335
1471
5191
3186
9882
5501
1989
3275
4284
6525
2433
4836
1621
1111
9624
1215
2550
3639
280
5200
4380
4908
7755
3320
6085
8527
4575
7097
7763
7373
5569
1377
1641
4822
7512
2948
6455
1659
3970
5494
4712
9928
1624
3257
3943
3401
6098
8477
2355
484
9396
2935
5171
8763
59
4517
5726
5466
549
9339
6011
9609
1979
4727
2425
9201
7617
1043
8257
3818
6926
7410
8446
477
9121
26
8356
4944
9425
5053
6377
5972
6508
6582
8482
1370
7271
9326
8552
1217
8867
9438
8050
1257
9481
1196
2182
3264
5260
2543
3526
3604
5063
3176
5811
7693
9234
588
3466
7277
562
3470
4923
5963
5055
7542
4659
5006
8794
6926
4556
3543
8421
121
5269
6710
7486
8720
4176
7424
4014
7649
1370
97
2814
2680
1295
1198
8217
6967
4016
2756
6855
1145
1167
3761
6317
2685
353
2094
6132
994
6441
6714
2267
2730
3989
2574
634
7659
6580
6928
650
7167
4278
6628
1447
949
3806
2932
6812
3701
1177
4148
3027
5639
4426
9555
696
2790
9385
8824
4750
5159
9902
3582
3465
5661
8102
1914
7512
9505
9185
8434
6775
8198
7477
7652
6808
6392
8692
3087
3526
9869
8171
4286
114
4631
2574
3007
8461
8420
5822
9587
3713
4806
1539
8049
216
6433
6421
2264
1000
9473
8931
2634
3132
5299
3908
9093
6375
2345
9226
9091
2569
5196
3789
8887
8452
4860
8095
1019
9323
9285
703
1049
4
1290
1308
7286
476
5064
3007
6179
4238
4430
5216
6047
4009
6962
660
6903
9315
4720
2012
3713
1726
2847
4471
6990
3988
3628
4350
1081
6098
3511
958
10000
1700
7613
719
8674
8319
2426
5439
3699
6345
4432
222
8583
6458
8134
6414
6640
2615
8926
2938
3264
1086
3834
6446
241
7582
4373
1161
7348
2297
8227
3347
1402
5831
3542
8531
7859
5155
9633
7929
593
1307
5559
7132
7316
5017
7783
3860
8024
1298
3971
3799
2469
4139
270
6424
9004
7627
9703
9542
1520
9484
4066
5705
8859
9406
2210
1106
1239
3501
5635
9721
377
5555
6069
3374
6833
3701
1124
9619
2666
3628
1237
556
3753
31
1623
9123
3498
6731
1731
7888
6163
3454
517
6729
9595
7572
1549
7326
5253
8338
8583
3447
4852
840
9541
8235
1466
2403
6397
6964
1101
8243
7202
9831
5654
7604
8139
4421
4226
648
6355
2723
657
9619
1356
3364
2147
7105
8272
3259
6854
1810
4829
920
5966
432
4572
6861
861
7051
1402
8499
7884
7363
4052
6220
4555
6559
3534
5656
3100
1267
9432
9036
3128
9640
7689
1828
8275
2417
8067
7079
9428
7960
900
8093
7281
3844
3619
1579
8230
922
5676
7821
2161
7312
7789
8943
4188
1499
8891
5688
8958
9693
3660
7022
4716
4033
4609
9771
8949
2583
8055
4032
4792
510
3105
5009
9993
3790
4369
6658
4664
4049
2711
9272
5252
7571
1777
6855
3058
9562
2284
288
3291
936
7085
4124
4422
356
855
4512
3194
891
3291
8902
8972
3136
6597
1683
9930
2764
6436
2543
2325
1898
9966
1275
6423
1451
219
8481
9637
4449
5882
665
3308
7908
3659
3758
6302
6266
3174
9685
3461
3245
3665
6670
7585
3863
5589
1133
2339
7234
7355
5407
8300
4009
804
7190
7246
3146
1399
9336
1159
2689
5749
2235
7357
5651
7592
7673
5075
8169
9347
3928
6003
3413
6426
7429
2063
6266
5188
8335
1972
5281
7425
1068
5166
846
6945
2479
1228
7485
6247
3182
2066
1194
779
9288
6900
2727
7307
4218
1638
424
8092
9057
9940
7121
757
2442
1663
6161
6536
2018
7714
8036
4929
8532
9003
1951
1477
3716
6319
6058
6958
5974
7414
1062
4049
8853
3802
9592
9166
6999
1591
4171
877
8924
2412
844
4464
6900
6313
5895
1406
1018
2506
2397
7757
3299
4883
3118
9949
9304
5923
8206
8778
1572
3766
2682
8975
1825
6899
6287
7268
6998
2595
7280
9801
8041
9181
7280
7014
9513
1220
5495
7969
4837
2445
4610
3
8150
1188
6237
2584
3385
6629
2988
9104
4769
2614
1983
4659
4662
3297
9293
1649
2922
5822
4719
3568
5212
7001
9829
7136
7422
4188
8962
9223
7670
6251
3460
9588
1522
2492
301
2924
3354
319
9248
2488
9299
4803
5243
4676
989
9254
5514
1770
1784
1627
1130
7685
9084
1152
1610
21
5801
3611
8798
4767
683
5576
300
5944
128
5559
5891
8971
6519
6814
9890
9435
2880
718
8565
719
55
7153
3286
5163
940
8526
3812
4888
7621
3672
6721
154
4140
4867
7833
9856
3730
804
7337
2547
3498
7460
9238
1817
7921
3352
8871
13
9989
3646
1607
7543
187
4715
4834
7553
369
7181
1442
1958
3036
5943
9542
5898
1235
6303
6840
9925
6378
7962
3022
3832
297
4350
7018
1113
544
6175
1317
2352
2427
3490
3529
1680
2628
8728
5733
3035
7479
1225
5364
1372
7115
1694
9542
8932
7170
3332
6216
3497
3791
2204
7587
971
3630
1567
734
7222
1291
2771
3903
9182
8731
4742
3472
3322
2532
7483
8284
41
4606
3094
5245
2282
7385
8693
8438
9463
8305
4576
3730
564
4076
1052
9197
471
7040
7346
8889
2071
8256
9458
4050
622
3805
209
5138
2554
2498
6366
518
596
6602
5310
6512
2318
9659
1403
7452
895
3864
8558
8215
5017
2919
2325
7016
3483
5674
1377
8435
1314
9169
5016
7223
2584
4946
3596
2658
4941
4635
287
9122
4287
6489
619
4311
4102
1135
6084
4778
4881
9854
1861
2848
9032
9699
459
6771
105
5208
4828
4034
5184
7904
2110
5204
7088
2714
7846
6536
385
9180
3576
425
124
2879
2667
6801
3668
5548
3911
1768
139
1044
3823
9778
1512
8441
9977
2704
5765
5921
5200
8750
642
9993
160
1392
3589
9253
5569
1375
4073
6554
2109
1793
9599
1642
1210
3097
358
5354
1130
3939
4904
4102
8372
11
9847
9164
9198
7935
130
7778
1285
9587
5480
1600
1680
1389
4685
6862
3076
3978
3355
4600
4279
7850
8700
9327
322
1349
5094
1651
5591
7454
967
1730
1810
5736
2193
2202
7082
706
3808
3895
1093
6352
6147
3187
7617
6292
8209
7553
8661
2152
6991
2492
7428
8167
340
3578
3000
8224
1497
2507
9804
6910
8127
5810
9423
5743
5251
8029
5710
5519
4030
698
8505
7510
6162
9876
6451
204
466
1760
9079
3874
4954
9037
6360
4118
8696
6886
1218
6649
4018
8436
6558
7514
9152
6147
2324
5434
8228
2497
7760
6615
5178
3231
736
724
5026
2182
7695
2605
3421
5600
6764
8253
8138
9521
5161
8559
9631
7619
2367
872
273
9017
288
2088
3768
5767
9614
8580
3383
6506
5887
3405
9098
5772
9141
1481
2314
7774
2382
7094
2232
1890
3081
6555
4307
3994
6778
8983
7645
64
5473
4954
4717
9911
6380
7866
9944
6438
6457
981
4926
9714
6518
120
242
70
9448
2874
4137
2510
8246
9599
8892
9710
7989
2378
1516
4899
1303
6749
9989
9323
1637
7207
2986
6114
6229
3507
4470
729
3152
9641
6925
3568
157
2001
7368
3196
9950
5904
2920
8189
521
3751
8089
7728
4385
3458
4809
8282
5260
5469
3476
8720
9938
3464
2483
1875
8094
5120
1640
8613
7687
4109
372
1348
715
4640
6825
3006
1278
8506
4944
4979
4206
6305
829
3620
2377
7226
2258
8177
6637
6542
1499
2869
6185
910
8736
9799
3682
7886
4459
5211
7104
7954
4944
5339
2127
6336
8876
7832
3052
771
118
3790
3010
9141
5389
9996
5007
6147
1063
748
4951
1683
4242
8154
9591
727
9349
3084
540
2383
8837
9559
6978
2120
7752
5640
9978
1728
4525
1335
7806
1348
4916
384
856
5917
623
3667
4685
1898
3258
5134
1672
9090
2608
708
7681
8069
3755
2923
5580
6233
8961
8043
6177
3007
5710
1502
4442
315
5672
7282
4717
9454
6756
210
1429
4523
1221
359
4607
6093
905
1895
8121
2275
2128
7523
3724
3806
3786
5512
5760
6107
5349
7766
9715
4603
7064
2131
8519
3014
4115
9461
5534
792
8011
6062
2147
8202
3945
6579
8720
1225
4724
7869
8823
8226
8131
1801
6730
9564
2186
6372
4228
3203
7902
5384
2592
9933
839
6789
813
7127
8764
1537
9997
2344
6865
6749
4028
8155
1496
9857
8830
4621
2192
4604
481
5781
1168
3311
3952
4538
7654
2133
5784
7426
4876
8323
2805
6287
2211
2990
4698
7991
3878
6367
9144
7520
4846
7223
6257
1587
8451
480
2422
167
4198
2910
2879
1170
4513
3569
1655
1780
3495
3155
2391
6398
5476
6061
8568
3280
415
6449
3103
4710
1980
8761
8126
3709
3077
6472
7451
1234
4816
811
849
2549
4972
8838
8915
1631
1110
4355
3775
9006
5757
861
5576
9942
4069
3502
9316
3611
5802
9115
3200
4728
3469
8801
5513
7754
6571
9042
6221
6799
8425
1468
979
838
7046
3605
1967
5090
2309
3518
4524
4258
3104
7582
9162
5862
4772
2270
7403
9897
8070
3275
3201
6017
8767
7229
2708
870
1558
7844
2748
2468
1417
801
937
5968
1656
353
2402
5480
8509
862
3213
9339
9407
7578
6439
9050
7655
6530
328
3122
693
3756
7968
8889
1470
8446
1428
4436
6258
1375
4267
3121
176
6619
4213
6757
9851
9457
8165
7654
5889
6729
5466
2696
2402
5968
7673
7563
9643
8596
1509
8245
3006
8622
2418
8950
4042
9895
8336
1993
645
367
2636
4158
9342
2276
7858
3569
2277
8502
7743
2536
3978
656
8512
8714
1813
3448
3416
8501
273
4760
2661
9262
1710
929
4533
6449
8030
9850
2062
1328
1547
8549
9060
6782
5751
5318
912
8936
4286
8371
2914
6977
9307
8417
2082
5668
1390
6744
2188
8709
7036
114
9037
2502
8177
4962
9979
1076
6530
7555
6305
1101
3480
6366
8732
9066
7839
3427
1821
3366
9418
2921
1412
1964
980
8053
7710
6549
4733
8104
1002
3106
9595
857
4114
466
276
1050
7119
7471
4720
2850
4229
6779
2664
4214
8027
4912
343
2130
2553
4599
2815
7212
9662
7718
5861
8321
3621
8567
8549
9152
7826
9
6844
3718
9596
1734
1370
287
5796
1870
1547
8947
3260
7868
2182
4312
5435
5283
1240
3057
8183
9090
5472
6879
826
1441
7536
4559
5882
1196
8328
44
400
1919
3410
7193
4565
2493
1673
2719
32
833
4876
3885
2556
3079
8440
9920
5536
2706
9385
423
3460
966
2418
2826
5093
6562
5185
971
526
2618
8225
8887
6717
6536
6254
3128
2109
4142
2166
9448
3423
5128
3485
540
3815
9254
3870
5077
4856
790
6817
9439
7009
1359
4202
5979
5263
5719
8397
5746
7621
9595
7952
5651
4295
3244
7488
407
8917
5743
9814
9588
7076
2462
4679
6401
1808
4688
5553
6583
757
7525
7180
5094
7904
584
7991
1668
2708
9539
6193
9931
4159
6527
360
7736
2188
3353
4053
5462
2840
5008
5322
8689
2689
8903
901
2172
5810
4056
1449
2958
9769
8474
9876
3955
3400
2862
3828
5170
5901
8096
4453
3956
5367
2269
4948
8365
3966
5510
2530
269
9416
8441
44
6607
7106
2369
3341
4181
751
5576
2251
1048
7074
8072
1696
8496
3360
7420
1892
2834
9599
7361
5100
6043
7277
9944
6662
9361
6936
5162
5126
5321
8491
4327
4350
4693
9553
8065
3163
9137
2794
9785
3012
4222
8392
6217
8238
3347
437
1831
2746
1631
4442
5598
7210
2868
3112
9601
1422
7552
6371
6747
9722
8700
6293
8418
2695
8901
9275
1654
6499
6213
2180
1620
8522
649
5470
5402
8740
6548
5593
8807
7210
9988
8003
3967
7438
8301
7424
6342
8305
2314
3035
1003
4615
7972
55
1371
1522
6816
2910
8702
1376
2285
8347
8438
7093
440
2876
7466
7193
5653
3965
4913
3850
7316
3290
9226
4811
7125
1358
3444
5206
5673
6789
9917
3513
1716
3471
6442
7101
7081
6288
7535
9780
1239
9083
5934
3488
994
1646
8720
9040
1284
1764
3839
3920
5623
6262
9561
4846
9789
1587
3102
1960
5686
1046
509
5796
8971
1468
4620
509
3028
1360
9451
4883
1050
5177
6767
1917
130
5316
6856
1964
3388
3231
4030
2552
7663
798
2515
8817
4584
6347
5697
1545
5924
5760
7930
3504
3214
6898
6773
2852
9503
1658
4513
9890
1403
202
7884
7593
3908
1716
6236
1209
1414
8905
1943
5532
3922
1596
4687
475
3010
6202
3159
8732
3337
5570
623
7626
9654
5464
9712
7325
5252
7705
2517
6649
3689
8223
1900
8649
65
2853
9553
3589
1791
6901
9395
2036
7239
8059
5169
87
4726
5169
7622
3596
2788
6486
1275
8448
3528
4715
6029
6120
674
5554
9558
2642
9099
671
7193
6613
3990
5930
3276
1131
1494
9323
6805
9716
6243
1202
1262
236
9212
6557
6320
8947
5087
3414
7681
8154
8771
208
4620
5263
6523
6651
2997
985
3689
3893
673
9409
1386
1384
4868
1538
3223
9233
542
3582
749
7538
6074
7862
9972
7013
712
8290
6292
3773
2899
3961
5227
5734
8209
7523
418
6223
7728
7428
6159
2028
4180
3983
6712
9913
7596
9373
5877
4615
481
480
589
8127
2980
5900
9253
9894
7521
7720
1883
2240
748
3005
3802
707
9119
3542
787
4062
9746
2030
8786
9786
1876
8226
1842
9733
1136
6211
5273
9181
572
5200
4220
3244
2476
9019
5023
6253
3713
499
3781
8060
5975
5020
1814
544
6937
5070
1057
8151
1811
1860
561
1627
7250
2516
5896
9613
9787
435
2330
3091
1792
4342
489
3583
4322
6492
8467
348
2608
6650
2813
6723
5721
3539
1374
5287
1974
5625
9918
6670
1322
7295
754
9475
4357
7041
3123
3208
3507
327
694
8091
8397
8575
1547
9221
1774
4858
488
6790
4713
8755
5112
4499
6476
2730
5830
2289
4943
4334
3193
5780
7815
2862
9285
3883
2982
103
4122
1322
9533
9231
2616
686
1650
5887
2158
5131
4353
2324
911
1122
9979
316
6899
4888
4481
7351
8432
7148
8105
6923
421
3632
5925
7084
1044
5602
2648
7590
8646
2243
2489
9418
6733
9733
2839
2156
7984
9857
4071
2663
4517
3132
6938
6031
5654
3606
9734
9131
5253
3310
6168
5850
9804
4761
3657
2541
2424
3056
7006
9130
1435
2157
7237
6948
566
2853
2391
1632
4596
9927
5583
7621
1931
8197
1899
3518
3196
893
9935
885
9553
7466
2682
7294
2468
3940
6111
1422
3948
3443
6300
791
3184
1487
2675
4144
1685
2167
7195
3650
5462
6074
1960
2336
6283
1351
5306
5610
4858
8040
7746
3817
371
1467
6467
2986
8345
1502
2360
6969
5115
6517
4234
4482
5599
3460
5817
4148
7118
9643
7563
6817
7696
3042
65
9000
6865
9118
6002
67
9497
5828
9637
1166
7982
4639
1383
3204
8898
8118
4266
3932
6706
7384
4279
3087
1593
9672
6831
3090
7607
6057
1016
8644
7306
106
7246
7028
9930
15
4524
1722
195
2310
7759
2124
9253
163
8011
5969
3920
1040
7362
2199
3946
6594
3904
6344
8502
4663
7872
2175
5013
3421
1399
6958
318
6264
2721
5804
3753
5785
7828
7733
9050
2790
9885
7186
6334
7540
5713
7132
8716
5493
2873
4307
8203
4628
6603
295
737
6399
3682
9551
7801
2861
5900
4317
1252
5063
4110
8545
3580
6980
5494
947
3714
1581
8348
5137
2315
203
2007
5574
1525
8605
6930
7225
1980
8296
7807
2374
1162
1153
1938
6395
6135
3814
5231
2335
5022
5183
5130
1962
5140
7403
2465
8254
6958
2155
4596
6089
3152
297
5562
667
2710
9271
3358
6643
4618
2606
8598
8409
7285
6466
6173
2011
8598
7604
3891
89
9705
9564
4901
1367
6675
2329
1401
3001
5828
2597
4904
1249
3332
6438
2174
2401
6621
5466
9334
9057
995
8863
9783
3094
4309
150
6274
9611
1747
5563
5731
6464
8150
293
3320
2938
921
177
9111
9978
8125
9742
7390
9033
1320
6482
4383
1611
9256
6108
7579
8528
5825
6071
2678
8379
4883
2198
7244
4324
223
5062
2048
391
6127
5286
3151
4673
6674
1789
3974
7677
6340
3710
1261
348
7390
3000
5145
3955
2133
6051
6316
9063
8517
3181
5962
6081
5688
7630
4181
5454
8607
4403
2550
1506
390
6393
2782
7737
2454
4730
6082
3420
3505
6825
1688
8586
3683
2958
6211
2905
8709
1043
7616
2763
7940
40
9218
2749
2099
4387
4709
7411
2749
5622
9913
852
7606
384
8147
8652
852
7652
7270
4405
8373
1053
8271
124
7431
5496
9492
9740
4564
2562
8124
5747
1283
3482
1175
7969
4015
7586
3040
7342
9344
7226
4264
4445
6720
3530
5031
7863
8494
1039
3083
7280
7116
8167
1287
7686
1310
684
2057
3900
429
8298
3867
8756
2815
273
3870
293
1899
5850
3646
3604
632
1610
9611
9846
2184
4729
2694
3158
6392
967
838
4736
2484
5483
2336
5790
6667
696
7351
7911
847
2235
9290
5544
8896
8138
7966
6632
2914
7738
6545
8481
5199
2412
8311
478
342
8711
7086
9479
8370
611
2045
617
9989
8643
1964
7181
347
3029
6793
1587
7034
2822
2832
7320
3973
682
1829
9261
8360
1139
4659
5267
2833
852
5338
4826
3717
2391
778
2792
9868
8009
4450
2050
744
2129
605
3803
4982
5347
4378
2961
9995
2898
1346
2222
1747
2289
696
6283
403
2166
9266
4207
4100
6620
2468
6896
8174
2384
2490
7898
1302
6959
1399
1174
7033
2495
1907
6011
9052
3183
5684
2017
8327
6632
1829
2225
6243
1496
3915
5405
9535
9177
734
5747
8586
4224
1450
3728
1510
6740
8717
2464
7487
7999
7873
1729
3150
427
9366
9862
7176
9244
2603
2228
9024
1449
9844
2136
9130
1111
4710
8714
8370
7954
8746
768
3538
7416
1422
3089
9239
6765
5250
8520
9440
8701
4621
4167
7895
6582
2105
1842
9105
6944
8969
2461
9723
3741
7706
2984
4788
1137
9904
8606
1862
6047
2110
5695
8734
9067
5324
1444
3953
6304
4036
3414
5507
1882
3583
4250
4796
1662
7217
4635
2455
6341
1604
197
139
1717
4755
4851
3783
9503
7051
6093
48
419
214
4572
7427
6679
1620
8886
8936
3548
5318
9312
2708
3430
1408
8308
1522
7322
5835
1390
3869
4583
5018
6209
6321
9880
9544
3801
566
5608
3395
4279
3174
6701
840
7398
5674
9038
9624
1087
2619
1099
8643
1072
1703
5591
5332
4137
8120
8850
3326
5936
4982
922
5536
7310
8678
2799
3032
7176
3384
4121
89
5590
4744
1765
7452
4054
3436
936
4454
7947
7577
1004
2388
2674
9836
956
7162
2583
4718
4090
7829
5520
1720
8094
8290
8118
3635
8359
7230
7591
295
1303
2834
3091
4804
4369
2567
5563
1601
9835
989
1684
9283
2655
6765
8778
1322
7591
696
6431
9929
6585
3978
1646
4589
7776
3365
9811
1508
1377
2399
8246
632
2941
1019
9871
5456
9410
8726
2316
3234
3828
5581
1636
6955
2917
8282
2385
4145
5944
9698
5365
1165
2789
7145
8341
9049
7519
3714
8183
5836
9934
6462
3991
9615
5620
5444
358
2290
9957
938
5030
6146
2134
2157
3901
4471
6176
4737
98
4090
1213
4402
6870
3496
2148
6374
9297
9337
667
1445
5171
4043
4519
7284
6938
9204
952
5623
4025
8056
2905
3202
8058
5361
4141
405
1197
3055
5537
2757
6695
104
8862
6721
3496
2285
6932
9718
3533
7763
8049
5582
7232
2306
5288
696
3233
8872
3150
5948
1301
6554
1609
9241
2486
9081
3142
5112
9751
4342
8261
3410
2702
6785
2060
3972
7136
1419
604
7482
4533
7459
3443
9288
6400
3894
4297
1389
6809
452
3883
3313
1595
4459
8604
5652
1300
9928
287
3257
686
2764
7740
8207
6195
1430
6601
5627
9385
9641
3516
5
58
596
5423
5313
7115
2509
9358
7095
777
7222
8305
7121
8135
5530
1798
1720
4329
6736
9397
5506
3069
9387
8923
5629
1602
1465
3712
8581
1646
2176
1733
6609
5443
3298
4052
6596
7606
5865
7204
8088
1495
2744
8371
751
8131
7339
1034
6247
7709
267
928
3013
4686
1047
4600
7757
4903
1022
2202
3278
6420
9969
8575
9074
1872
3068
721
2643
5171
3473
7193
7535
2408
5033
8412
9731
7630
4418
1352
1838
680
3775
6007
6748
156
3599
7296
942
8569
4668
8516
533
2951
9314
1749
9802
7357
6947
2551
6737
1406
1146
5396
4212
8429
4782
5827
7035
9514
8834
7710
7571
1219
9945
391
2137
2179
1036
2011
903
6913
8916
5330
5951
4054
2333
9665
4233
1328
2175
1302
1093
1332
1568
8143
1171
4402
288
5121
4029
4824
7166
5319
3441
7421
8377
5285
251
7950
6275
1347
9706
2284
5487
996
8293
6223
4910
1172
2549
6236
5726
9298
2837
3554
3247
1644
305
8702
6159
298
2854
4289
5412
1444
1026
2533
4541
5910
2444
6562
9981
3636
3922
4093
3439
8908
3279
9834
1931
9111
220
6586
3890
5745
2538
7838
927
1860
5310
5246
4376
3039
6600
5041
3333
3898
9167
8192
8480
9085
1534
3730
3488
1288
1167
848
8440
3098
2419
1268
1067
2368
1888
7933
5047
4182
3272
9118
1936
2883
5644
8473
1616
7877
2296
3220
9669
986
9392
7281
1758
7498
754
9659
2721
5388
6718
5038
6871
7292
7274
1103
6026
5568
53
8695
3864
8954
1453
4320
9679
180
7029
2425
6180
5595
2779
5298
4337
8164
7151
8729
8186
2969
7086
8834
1105
505
2034
6396
8961
8821
7666
7166
6467
9434
5729
2518
8669
7122
7905
1577
5503
7459
5095
7900
3904
9024
4310
8233
6413
9663
8767
2507
6592
8577
4518
9439
2101
365
933
469
8896
9519
9645
7182
4657
2800
9594
5323
6444
5089
7464
1987
8517
6513
5277
4284
2335
5978
9049
6471
6635
8696
6053
3040
7094
6531
9538
7139
2888
3434
4414
6658
4250
398
7686
5210
6922
202
7254
9368
5098
4988
2347
6987
1608
1776
9682
2404
8185
3513
5439
6428
6770
6160
4509
1452
1573
9229
4379
4962
133
5344
7739
171
6718
863
8514
1995
747
2177
7179
1221
621
7134
529
8561
7867
3255
9906
5590
6865
5013
6681
1321
273
3601
9461
7883
6853
8502
1142
4313
1204
6342
2362
1599
4308
5234
2676
5853
7480
5190
1943
3501
5831
9801
3273
8315
5081
8770
7906
6063
5819
6140
355
5651
1961
3312
8722
8813
719
6679
725
2083
7481
8019
1765
3639
538
3790
4520
7483
8801
4836
9412
7790
4587
1832
7960
3681
8760
7807
669
1698
5886
7935
9664
3276
1140
8372
8898
159
637
1529
4485
4289
7426
8589
9688
4051
481
4385
8544
1791
9590
1618
4282
5132
5930
5802
4688
839
9709
4690
770
5171
5394
9364
7971
1886
4031
9817
2806
9983
4240
9773
7482
5017
7718
4716
7669
5006
8415
9648
7674
2845
2700
1082
648
945
750
4014
9736
1541
3373
1201
9647
731
8473
3192
4969
8921
448
2680
5933
2339
3873
6352
4742
524
8185
4630
3113
4036
6639
9354
9004
9079
8744
3580
320
7227
2406
5341
4462
7713
5096
9595
8640
1495
6660
1312
7225
9279
846
3481
6172
8616
6944
6077
5284
7577
4790
6414
8530
9229
3747
9476
4686
2411
9954
5650
3
827
7992
5696
6460
6443
2532
3982
2248
5446
4456
4760
8181
2314
2523
94
5040
4308
3853
749
9456
4777
2391
818
6988
8180
9737
2868
7056
1442
7186
3763
2075
1677
334
1492
3988
6280
5073
7513
9648
2742
7085
1816
6865
5231
2364
7399
8650
3570
9566
815
2957
9208
2820
5230
1188
7949
2448
9085
8912
9349
2869
3717
4225
898
8978
2714
8063
8516
5023
7133
6549
6633
3274
1094
1738
8706
4434
9621
5848
8930
4930
3860
8488
3910
868
7262
9545
2024
1135
139
9093
1533
1695
5917
242
5635
6780
3007
5649
2719
97
7081
5331
9982
258
2419
2166
3809
6563
6582
1500
6607
554
7354
2999
3919
6665
6268
3714
428
8123
2165
2145
143
9417
4150
6717
4263
4430
3973
5134
6185
3076
1335
4147
7284
8393
8374
425
9788
1478
5277
9389
3762
5827
8516
418
3125
5673
6924
8832
7138
545
5183
7600
6178
6152
8877
8450
8903
290
2179
9376
371
3356
3722
2421
8261
3386
1479
8099
4218
1543
8594
1050
274
1858
3832
4287
7539
6459
6124
7354
1426
1539
1988
4706
621
8870
4302
7315
3701
1672
81
2091
9589
9390
5600
5041
6935
6002
7444
4080
8632
1274
7491
1277
8919
6050
2171
2641
7225
1744
3029
5591
2206
8283
8690
5406
2093
2702
3206
426
2578
3602
8863
3211
3442
3314
1501
780
6328
4750
9722
1582
825
2392
8957
4955
8991
7336
271
9566
2190
8034
9191
4941
904
9195
4361
1690
278
6044
8792
9008
4900
9030
3831
5122
2895
2453
978
2947
3522
6351
146
7535
9406
8019
8498
8108
7553
3059
5866
7617
469
6367
8301
4729
9200
9355
8811
1481
4514
8787
2126
3328
7377
3276
641
7863
8719
3198
8693
1807
1422
5665
4110
1273
7179
6662
5170
1659
9222
2998
3185
1536
1240
3006
6306
8672
6661
1556
8399
1842
8444
4639
6606
7570
7418
5320
4373
900
3557
2644
2582
316
9237
3383
6416
8868
8927
6725
5757
6167
3869
985
9609
7430
1218
3127
4384
7258
2171
179
252
5329
5216
3841
5857
6920
4577
97
4541
8187
4518
6634
9485
2998
5903
8879
1394
9967
485
8936
3343
1123
8267
8801
3624
9418
7160
3649
917
8364
2810
5015
1788
9338
1998
7016
8656
9508
1299
8712
3237
1144
7717
9860
2069
4598
9797
8366
3985
2729
835
9790
9651
7692
9154
1174
3642
2342
564
4465
4463
4863
38
4681
7071
8320
2077
4022
7002
273
9885
5337
7059
8971
9315
8359
8616
810
4338
9591
3991
2073
1175
6450
5297
9534
6741
7666
8412
5964
3088
4205
1109
4783
4426
8901
7881
7116
2468
5522
7178
755
6023
671
2961
9317
680
4852
9804
8782
3681
6145
5334
5209
4853
7552
1360
5411
9631
7527
1528
1974
4958
3615
2830
4145
8761
7922
1916
6866
476
9055
436
2181
7756
3448
4938
884
1907
3238
5093
8602
7548
467
7988
4807
9681
8121
1032
4774
8295
9574
4010
1720
9763
6696
2386
2350
1856
3260
4628
968
362
5367
8837
8794
6687
6052
6497
5042
7871
4852
7203
6734
1540
3237
7551
1619
17
9611
7182
4046
481
2588
6947
7236
5782
4861
594
2408
6428
8813
48
3897
3004
2498
6387
8793
1885
2792
7498
7188
3145
9279
5891
6118
4441
9287
7017
4724
5849
5415
6767
6684
76
2889
3007
7878
8013
6694
924
5859
1980
7893
2610
5175
7017
1484
8579
6884
6625
7970
4621
660
835
8290
9041
2521
2056
6389
8047
7987
4872
928
9789
1772
6800
9496
8011
1359
4275
2091
2156
2841
6371
2519
2753
6496
717
9527
7222
4160
1830
4949
1587
5512
2710
8662
4132
9732
1593
8409
3352
7682
5880
3971
2939
5617
154
9388
8128
2536
2309
6037
4049
8718
4539
7825
8435
763
9863
8312
8280
938
8050
1276
9790
1475
1582
1347
1329
2357
9047
2681
9960
8977
1931
3001
240
486
6668
9297
2834
904
8801
9200
8619
1526
2391
7642
2581
7229
7309
4102
4712
3422
5507
987
1895
5506
7748
4135
5879
1785
7107
5800
841
9847
9423
3243
9156
9605
3524
8959
3186
5861
173
3855
7953
7363
296
7088
2909
3441
4131
7593
9377
7923
7770
8657
3704
10000
4129
3903
6724
5150
1783
6070
9093
9242
2326
5498
9390
3888
5500
9520
9395
5562
1003
7418
4113
4924
9575
8757
9065
5160
4822
7691
5881
1051
4887
5234
4677
8313
4116
9116
4146
976
4929
1128
6942
6714
977
7979
9603
1696
5057
5862
3709
811
7730
505
5866
1809
5073
9450
7526
8769
3949
456
8415
5033
7970
723
2096
4986
8689
549
7146
9994
2247
1955
4859
7961
3364
6503
8674
7894
1128
5946
161
2541
8609
1251
8279
1053
2898
1296
580
8413
1203
8736
115
9569
9715
6001
9298
1120
1341
7167
5538
472
3965
2326
6878
1524
381
9088
3818
2663
9980
1126
3429
9228
4657
9825
4839
2362
3443
2337
626
3188
6053
5075
8461
1477
4227
888
3515
131
1212
3152
6887
7647
7457
6819
4920
8181
4683
1848
9212
7496
9372
6720
1815
836
3594
8122
8124
3881
348
2868
7757
7191
2636
5838
5172
6858
7374
4900
7496
7579
8619
9017
8732
604
1463
2902
7977
6878
5136
9583
7651
7397
9121
3262
7211
8390
7730
2914
1616
2182
8305
947
4821
3645
2113
9968
5589
5348
6158
8840
735
1091
2033
7406
2931
6009
6864
9694
581
9050
9989
1976
9503
555
344
3981
8654
3306
8662
1995
365
8969
6779
7201
5488
3251
8786
7082
8745
4741
8910
8791
6932
6807
5306
4045
4492
1440
5510
7285
4761
5158
6723
8821
4961
1788
321
9443
3085
6960
4546
4861
9269
6296
9047
3104
2221
8773
7986
1799
7195
8790
9891
5558
4002
9439
9577
9859
2521
4986
1306
1657
3741
5009
9823
5733
5465
2360
7115
1643
292
2170
7424
6405
1275
2028
694
4241
2955
1697
3126
2282
6476
1829
7958
3265
6291
3955
1097
1758
8613
6409
429
5838
4509
4613
3866
7230
9802
8196
1676
4199
5033
7078
9084
1900
9977
2154
4491
2435
8469
9443
2654
5020
4022
2565
1006
7725
6900
5504
6996
6767
7938
3976
4866
8529
1062
8184
1288
2765
4751
7404
6
2273
8461
9863
5333
1466
7796
9319
5814
8554
7656
312
6960
5693
2601
4397
9863
426
6524
2306
8028
9116
712
708
7259
7100
1119
9923
4394
8244
9349
7859
1714
9381
5156
4769
6934
2592
440
6047
7682
2007
8908
2250
1943
6568
8333
9213
4721
7205
7296
3270
8183
9898
6369
3351
1509
8058
3221
2020
9597
5309
3686
7036
1871
5020
8868
7906
3251
6751
6162
4982
7706
646
8017
8259
1753
3500
4574
5858
9671
1150
2566
2900
4817
480
1634
6940
9009
2664
8665
287
1874
8855
7012
2985
1417
546
925
6497
6112
1614
3436
9491
3287
8723
9528
3453
9761
9966
9317
8545
44
4517
5508
7674
6417
922
3468
5620
7097
9243
2462
2464
3325
7990
4685
5700
4402
9110
5986
1152
4998
7369
1002
6976
6571
6310
8355
3103
3597
3441
7089
1017
7864
8400
1203
3255
4421
9701
1305
5820
3440
4955
7266
2306
9780
1409
8749
2548
1311
5988
3977
4033
3520
5389
3375
104
88
6812
2978
7991
9512
964
3566
8500
8736
9249
9715
9640
3758
5204
7680
7840
3722
6421
3859
3897
9355
6516
6569
5493
4923
6232
1538
3274
5377
6698
586
2108
7267
232
3508
5068
1867
5681
3330
4322
8214
1791
4010
375
7434
9915
8154
6271
1710
5486
8946
8206
6905
2934
635
9913
2257
2982
3970
6546
1289
1417
9082
3246
9604
3455
9668
2201
4116
1781
7097
8635
5008
149
737
4323
8759
366
6105
5872
7258
3840
9780
5850
3659
1946
3202
5500
9033
9581
5896
7622
2190
5845
4692
2115
1941
9812
6386
3898
7068
2287
6690
5342
9341
766
1831
8250
6257
1172
346
4916
995
9260
4733
8573
7065
7078
9639
5247
9162
192
9687
1015
8783
8369
4599
7638
3036
8895
4707
4062
2170
3362
1366
7591
4625
3531
2988
8445
8954
9144
7600
7230
7235
978
996
1249
3945
7078
2592
8649
7531
696
1026
3939
7643
8683
2163
2074
2360
3225
3535
8947
7476
4717
2162
1476
5660
383
3267
4236
9443
9311
4274
6311
5444
5326
5762
8284
5742
7893
4573
6535
7313
7301
8431
9859
1245
8798
1039
2547
8678
6512
3467
372
2139
5159
9758
6439
5542
4292
2639
4068
868
5648
8788
1658
6692
9410
5620
6219
588
7328
6746
4427
6765
811
2043
5838
212
3321
3235
1736
5924
8780
383
5903
2239
2367
4676
55
166
7862
373
8865
3842
6656
9960
9054
4346
1038
4048
8299
7477
560
8884
5369
7308
4032
5906
3643
1656
9086
1846
2183
3312
7402
7595
5766
818
7535
212
5217
7142
4466
5184
401
502
3759
8092
3054
8670
2585
350
5235
3725
8351
1704
4519
7861
1863
1080
6294
5122
2971
5868
6529
3530
1763
8037
4567
6007
6676
4956
9824
7680
7156
8082
9921
6653
8893
8605
2644
5376
1674
3444
372
6978
8552
9588
7819
4771
6402
4682
5342
608
146
184
1653
8691
8149
2577
1118
8751
6796
4019
3969
7502
3025
6991
2032
9666
1377
2967
4502
2684
3640
3578
7543
7286
1382
6463
6743
1526
428
5460
5263
6061
9435
6060
3060
3294
1777
4057
2488
8641
8446
7707
2102
725
1043
4361
6709
2023
6706
5703
5889
2627
9158
9189
1148
973
5572
4522
8205
8378
6965
1761
730
4774
9382
8665
6115
7103
5547
2827
1337
1780
4502
2906
5902
323
2117
8404
5190
6599
4063
8401
4367
284
8548
3550
15
6236
2861
1787
7302
6060
1834
9561
7478
9040
4108
5112
2421
5027
525
3718
6911
5391
3175
5459
8899
2923
5837
8701
753
9720
4943
884
3616
2154
8004
6854
2406
5936
6899
2217
3062
9715
9840
2590
2796
9090
1526
8742
8739
9076
5308
8024
3911
3375
4799
7686
727
3420
1624
9754
7995
3540
9437
1836
3920
5692
840
9164
5869
748
5607
2511
1347
3378
9628
1753
5319
7500
2409
3328
3683
860
1443
6332
9638
1066
3918
4456
9604
6089
3327
9975
1286
5113
5483
6570
3069
1228
6637
9590
3938
4400
6074
9290
3987
4682
3256
933
9831
3998
6151
5196
5406
6934
8006
4811
4401
2804
62
5489
2276
1192
1734
2157
387
7205
5280
2896
4370
8277
1090
6911
5220
4375
8302
8657
7529
6876
6596
9658
2437
3857
4926
657
3524
665
1955
4193
200
6828
2155
6194
5719
3483
7804
4775
4724
145
6254
8746
9400
9135
9950
3685
3937
3907
6096
6934
7131
1058
9048
5969
5374
1011
8358
2147
655
8824
2245
2212
1606
9470
5135
6112
9544
808
7632
5838
5319
9725
8389
325
25
1965
696
8577
6100
2689
3279
2981
1938
3289
8408
8012
4324
6916
6299
1330
2027
8213
9718
1206
1654
6661
9427
3453
9861
4607
3530
4346
3534
7494
1801
9296
9759
95
2638
1363
9572
3180
3811
6010
5902
4359
3970
7994
8617
5498
3191
624
6552
1340
6144
2101
5356
6911
3116
2630
9839
6984
2225
5376
7453
5749
380
7538
9784
3253
4747
8045
558
6994
7232
2530
4675
6881
5855
2987
9627
34
6232
9248
9222
8895
9337
6301
6051
1868
4038
2774
7099
6439
7310
9531
6942
6281
1369
2022
8928
6082
826
6475
1835
5525
9090
2607
7376
7700
1494
8902
3116
6703
8350
2572
9858
9098
8203
9074
8298
5919
9166
2202
9973
2622
3926
4649
2338
4609
9925
496
4763
1846
6738
7767
4450
5259
5619
9283
3932
9288
4034
1289
1948
2998
8517
4635
2888
1426
4153
6515
3615
9842
5782
9552
9509
4849
1501
5407
3963
6098
1772
6200
2191
3119
4172
8232
8421
7314
2313
2983
7001
7521
7593
5297
8424
2835
8736
3957
2121
1807
1087
8622
7068
6234
9961
6545
8191
4530
2754
8707
2817
5117
850
8796
5320
683
506
3557
2600
9222
7837
1549
4864
7093
9051
9722
6700
7879
8659
8205
3879
3261
7417
9179
8077
4098
6027
7133
7647
7846
1037
5300
1020
7172
1804
7062
2197
5318
7647
9210
587
9081
457
1427
553
6823
9145
3725
7574
949
9029
6472
4553
1547
9116
7147
699
9805
1965
9641
9817
8804
9347
1009
4811
4350
7475
1534
3147
2399
2644
9840
4142
7332
9321
9377
2456
4762
8425
4428
9519
9979
604
1482
6517
2442
5300
8391
5988
2905
3658
9607
9279
2825
8749
6348
2674
7775
941
3810
8435
6436
9169
297
2941
6305
4431
745
5754
2117
4185
395
8862
6489
9457
1866
9043
1071
5425
7833
7333
9106
5057
1306
5804
720
8757
6525
7110
3666
693
4722
597
290
1046
6740
9682
915
6861
4721
9161
9125
883
2762
8660
4622
4509
2982
9159
1790
2240
8421
7596
6223
7187
4284
7765
9670
80
7980
5853
4244
365
6723
1802
6498
5563
1793
9076
8210
3940
8896
4068
7597
3693
3040
2106
3313
3905
2424
8865
7687
3917
5119
3844
7012
7700
3968
680
2426
3925
5301
2700
3032
5613
1904
5867
1393
8553
4116
4632
4824
7325
3463
3595
2164
7992
2384
6794
398
82
6228
9063
7376
859
8959
4937
6346
6516
27
7398
1375
6112
7624
9657
8533
9370
9625
6386
3210
2784
7420
6896
1923
9575
9619
2184
1152
9534
5094
8122
3098
1234
839
6317
346
4124
5031
2412
660
9353
3922
4487
2968
1778
1387
853
5821
730
1424
8149
6513
8117
3104
4073
6975
4981
3286
9120
8884
6248
2196
6787
9345
5292
7158
3094
689
2851
6221
3930
4988
7059
3109
571
3776
8418
7962
4833
2699
7603
371
8484
8442
3886
9887
875
7897
764
2455
2882
7323
711
5247
815
7662
8925
8677
6513
436
5456
7357
3535
2546
4706
5813
572
158
9797
9792
8314
5435
31
3663
1597
2082
4136
9220
9464
2383
3899
3677
9146
3473
6414
3449
3344
7877
3376
5520
9208
8055
9831
6183
173
544
7056
7
4342
627
7628
8177
8330
5227
248
4262
5008
8700
2631
6911
6447
6369
9092
5391
9889
9922
3614
8539
8669
6067
8851
415
8698
9794
1918
7198
3812
2078
1340
800
9837
7512
9017
9572
3685
3482
9076
5215
334
4650
8852
6996
124
5796
6204
2579
2626
2716
68
828
1099
3589
5724
6745
5934
7256
4367
4463
2258
2869
744
955
4213
5633
7062
4590
3709
8893
3657
2505
4810
6073
5918
2611
9957
9399
1781
7173
8602
5137
7039
2236
4533
325
5393
983
3129
8117
3274
3761
7738
2220
1950
1968
5144
4887
6141
7697
4162
1949
8025
295
6082
9355
9218
5381
6567
1548
15
1933
5696
2019
4478
9098
6405
6341
2266
6428
4004
9250
4217
7249
4182
688
3384
7204
3000
6307
1439
7446
9079
1555
3902
92
8017
721
6168
2305
3985
3954
5954
9021
4330
779
4743
1676
4020
5885
7832
5335
5773
1131
9613
7456
3187
3346
5381
194
7867
9882
5317
2002
3293
1228
3274
7217
580
5640
9917
3606
2121
1743
1086
7712
4060
8954
5769
4036
8504
590
3423
9112
1377
3576
3208
9174
9602
5151
3199
9027
5551
456
366
4930
889
9563
9033
6280
7497
8724
9579
4838
4217
4086
6863
1121
6395
5996
7087
7083
1912
3946
752
4762
5334
3537
2366
4220
3347
7579
1950
9701
7843
2939
4703
6266
5415
3511
2780
4262
9050
2350
5770
6438
2880
9198
7356
3158
8022
1590
2860
2760
5786
7409
5741
9388
5798
2369
1016
8411
71
620
7624
5288
7751
2353
8267
9817
2796
4070
5323
4760
9428
1190
4845
1053
2455
6031
2002
3398
5150
6058
8046
3865
2571
7496
5221
7698
9962
4870
2553
6001
5589
7107
1390
6226
6534
4281
2714
9787
5716
961
6468
7382
300
55
5978
188
267
3604
2895
8963
7969
5135
497
3143
4953
6969
1832
8372
4575
9150
7720
9298
6996
4850
6475
3461
4630
5831
4492
2544
4213
6761
8598
4291
1085
4122
8317
284
7948
9451
9202
7546
6227
4379
8073
9583
6490
239
9341
2641
4423
4753
3804
9543
5413
1901
4785
5670
3600
3471
5809
9081
1285
4360
625
4840
1135
1691
4223
9983
8964
8946
8000
7441
9533
408
878
3204
4963
5015
7235
4957
1307
1612
5295
527
9723
994
4522
7179
9222
7072
7711
3403
3340
4937
8174
9804
5085
3349
1496
1137
8106
8073
5480
7656
5249
5001
6367
9493
4083
2776
9270
9113
5590
7536
9382
4559
5459
3578
214
2407
208
2971
4587
834
8881
9267
6006
3697
9050
6110
613
6991
3938
9508
4064
2851
3547
3865
2518
9591
9289
889
6676
3219
6889
2719
6928
72
6557
6562
8334
718
5129
13
9401
7631
176
617
6963
5334
9184
5329
9580
7044
3208
9709
8235
8083
7622
4752
7403
7183
5623
9235
3166
6903
836
9844
2117
4832
6074
808
1307
2396
1142
8927
6043
8066
1801
1279
3161
3513
4039
3177
1928
4764
9305
675
8431
3269
6743
3762
6042
2222
3535
625
6767
5974
694
2268
2967
7837
559
8808
7619
719
7688
5750
9172
6656
5386
7939
4481
9584
4977
5464
5569
4449
502
275
9637
7163
6625
7752
1976
8902
9197
8983
3435
2855
7978
8605
8052
2998
6631
6560
3031
8110
1203
5656
1963
7542
5065
6659
6369
7293
9291
8259
176
1712
6583
7247
1274
4291
9400
4648
5358
3995
5397
1588
1040
5560
9286
9207
1166
6119
7174
305
855
5421
9913
1320
7322
5505
8551
1024
3565
7638
5697
7967
2197
3121
7686
7199
3649
9533
900
7712
4669
5121
9710
7726
1598
3503
6766
5215
5139
7184
3781
4737
5785
5022
993
6582
7796
6868
9190
3127
7744
2887
9604
699
7309
7590
9091
9774
5991
6444
7271
146
2514
5567
4290
4636
7106
2942
7733
7658
2787
4569
1250
7719
5695
7309
6752
7888
5705
3897
9342
9086
2164
5587
9075
2660
503
9876
6068
7886
6745
9998
3770
7977
9641
2851
5911
5836
3924
4939
2505
1259
1352
8101
9403
6195
6725
6401
5325
3182
8749
5574
8752
9269
6705
2717
9784
7372
2548
431
4662
1646
5149
7668
3693
9745
3038
8159
366
7537
5068
6188
8181
5859
8382
1582
209
9681
3368
5741
6866
8590
7981
1348
9155
1194
1277
1019
6359
8521
9454
3051
4993
834
1837
3553
6259
2607
2270
2749
5726
669
6448
4519
9549
4985
4618
5532
7914
4156
2639
8857
2391
4694
7727
7463
336
75
702
3159
8890
2095
6170
8575
5590
7741
1808
7630
2446
6043
2027
7403
6455
5903
3460
2952
3479
9882
506
480
8769
6496
4625
1894
5658
7657
4940
6255
5665
166
3360
5345
9647
6013
6816
8835
8381
9644
8858
4785
6273
3325
2929
205
3422
1520
2611
8431
462
9322
9689
3416
6232
7134
4653
3754
6634
9369
9121
7233
5849
3762
6990
887
7116
4721
5608
983
6870
5963
8860
2225
1082
9239
9622
1684
9093
3518
7805
1258
3437
2714
7207
5372
6563
1400
6450
1242
4746
1642
5985
8691
1078
3950
1492
2272
4278
3726
6480
7745
368
5342
9903
3430
9608
4769
8483
3677
6167
9633
8425
5696
7507
9291
2538
5110
2317
2042
1244
8298
2370
2957
6602
4332
1398
5295
4575
9959
6943
7456
5850
199
1692
9274
3721
190
5016
8833
1270
5845
1682
2053
4245
2913
758
4603
565
1786
6250
413
2458
2968
6219
6525
4305
5036
7621
3966
7636
9985
4945
7619
556
8655
2793
8102
7509
6086
8978
2659
9445
3473
9971
4374
6731
3442
7047
3403
7387
8324
9588
6981
652
3567
4365
9025
3827
235
7230
5506
2323
1531
3407
9206
5695
2814
1986
9253
2136
986
1783
3658
1197
8591
7829
8004
4726
4439
678
1985
4349
232
7760
3448
7306
2583
7648
7430
2819
7390
9462
9885
8421
3004
2547
3189
5475
2186
974
2946
5346
9461
569
9205
4854
4544
2864
2031
60
5363
7947
141
3104
6219
9925
4486
4824
59
4835
5133
996
2439
4588
7721
4571
8655
5105
5274
4763
4718
1605
7186
2731
2346
9594
4808
356
3889
8667
6867
1851
3863
5677
2586
5941
3457
8690
9706
2635
9039
805
9400
576
502
1291
3500
9235
9905
1520
6740
8541
5662
8894
9158
5554
5471
4296
4355
9290
8655
5301
1045
2885
1446
4754
1366
1455
3275
6861
9853
9810
5871
6324
1937
2186
9723
4430
8092
172
3970
5681
7532
8527
3591
258
9930
954
5064
1734
3361
5437
2844
9872
4545
2832
4748
1735
7442
1975
7983
4099
4
3774
6120
6530
3735
6391
7803
5791
1207
5254
1793
6554
7690
5257
8808
1597
9372
5761
8950
5881
4591
2501
3789
1321
2820
5403
902
8398
2176
1208
845
1974
7773
2013
4252
7485
6270
5286
318
3070
4530
1491
6514
4698
6138
6550
2136
1153
4095
9171
2561
4974
1008
6970
3866
9919
3823
5574
9886
3186
1531
6601
147
7844
8801
1232
7547
1431
1858
2946
639
9113
6942
4605
2328
2218
8902
3581
6398
9439
2367
9020
1519
4816
3243
4903
781
3126
8184
1336
6348
5987
6628
7600
5331
1452
508
3835
4089
1490
3333
3788
7317
2108
3658
6826
2802
1416
9562
9819
2583
3705
2055
8303
5813
7355
7920
2500
1451
3712
4544
8169
4104
3436
5952
1862
8579
1428
3131
4014
377
2612
8558
8414
2002
2521
6669
3853
657
1983
6408
18
7343
8183
8773
2835
8368
907
8054
5194
8266
5620
2652
4018
5511
291
8521
900
351
9106
8993
8993
9768
3045
2088
1191
4533
5301
7435
340
4853
4735
3203
3151
2225
2399
585
229
9540
1052
9995
1599
6214
2069
2395
6987
2424
9676
5165
5820
3896
6566
9091
5573
8097
7752
9239
9335
4537
9101
2546
2094
9138
9864
6643
1871
9632
4180
9400
4638
4130
5612
279
5997
2684
8977
9517
6488
5562
7524
2944
7900
460
3078
8989
462
426
3411
7585
484
4215
503
1337
2474
2211
1146
1729
8360
5907
5046
4577
4959
3747
6785
4422
6740
2437
3047
8937
922
6244
6975
5790
628
3204
9285
2009
1590
6039
3213
5179
3168
9023
8772
9717
4438
2889
656
625
1026
359
1377
6490
962
8737
5202
2390
7809
936
6271
8485
7443
4669
3439
8007
7376
9935
5186
5280
6734
2122
4035
9447
853
8448
8845
839
5414
1191
8052
5097
5432
8975
8258
9052
9650
3302
8981
8158
3844
5016
1567
9449
9341
275
5299
6155
8645
6415
3708
2776
7151
4613
5059
5237
4852
3316
2702
330
5950
5504
3892
2135
6060
1892
2035
4350
2770
8832
2247
1638
9392
1611
6191
6461
7944
5401
2048
5155
356
7709
1304
9060
8822
5865
4962
3269
2701
4562
52
8656
6590
1360
782
6715
3396
5586
9087
6258
249
5012
7882
97
8697
9017
2762
8510
1863
8873
1302
4941
8200
9803
3068
2475
7614
266
4068
178
1359
686
625
4792
8517
8451
2848
952
2934
4193
6828
7217
8013
3472
4030
6534
1570
4251
520
9582
5355
6135
9711
7804
2209
1711
8401
6576
6371
9923
3998
6800
979
8841
9319
7844
8906
325
7935
5013
8409
442
4959
6463
3887
1656
9170
4021
9800
8928
3899
8771
779
3903
883
884
9568
1104
9819
1020
7009
6413
5523
999
4874
5667
4022
9165
8172
3407
1878
7654
4796
1926
1390
4353
1415
4620
8775
2709
4247
1523
7003
9521
8828
8917
1540
8284
4122
1493
6932
5300
210
3398
9586
5796
5743
7463
4931
7822
4086
68
685
8219
8786
2639
3016
8432
6061
2455
7297
7382
2483
7284
26
3437
6362
137
1126
4799
879
8616
7869
6250
1216
6691
1930
3109
3188
87
5748
9804
8575
2887
967
6709
4692
1241
3038
4528
417
2691
1761
4940
1427
4311
1280
6755
938
4256
3194
7401
2896
5942
2633
1634
6446
1627
5506
2508
5628
3597
1762
1931
9523
9723
8278
1467
3242
7535
4506
2523
8565
5873
7127
9786
7294
240
3601
7067
506
8668
4861
2367
8550
8589
3919
3487
4056
3596
1871
5878
9193
5543
7674
1688
3882
266
9685
8186
7957
4865
402
6659
1581
9352
3570
7470
2687
1579
9610
7809
3315
3444
5274
1526
6884
9298
925
5862
2100
2343
7133
2474
6105
8199
4434
1443
3928
8521
9351
9272
1459
9383
5344
8860
2214
5626
6324
853
2096
7432
2433
351
2988
3225
3833
4156
893
2031
9556
3711
4930
1881
4731
3434
2504
649
8007
9971
6685
3797
2954
8546
9096
9820
3826
3353
5305
6449
9869
4809
8057
2089
3114
8657
5974
8889
7118
5544
9165
9798
9928
7549
9359
3093
7075
4222
3886
8326
5266
4051
8645
6276
1877
7389
7864
1978
370
9204
9240
396
4695
9631
7871
3366
249
3209
6316
3746
6651
7180
9773
4405
3804
7574
446
5965
783
6521
5870
6611
9081
7078
7494
11
1628
2196
9719
208
4852
2482
2373
8660
2738
2197
1790
9801
6027
1824
8485
6287
4587
8712
9019
2602
1483
635
6745
5098
6176
525
9936
240
827
5579
9909
1865
5725
536
5577
1433
5122
2037
1546
4008
2125
7989
7721
4689
4779
8353
6451
6072
8566
5062
6228
121
2924
5580
6530
8872
6052
9909
3114
296
7770
6276
1749
7593
5961
3516
170
2928
7550
5190
2058
4730
2771
3025
9555
1125
2251
3173
528
1866
7240
2071
2806
7216
1868
3306
1060
8653
2247
1495
3728
1893
5423
6460
6782
4935
290
8718
8968
6968
7797
1055
6492
8522
9131
1260
2815
2812
625
6680
6439
5365
7117
533
1187
5623
8504
1177
5581
5177
6576
9788
6769
5348
9101
287
1316
3082
8475
2868
5948
7069
1681
843
9601
3501
4862
2684
976
1556
3463
6995
2924
2260
7344
9847
7741
8106
2966
1852
3028
5768
7692
7840
3954
1858
7496
3296
2485
8846
8282
2929
8831
12
6561
4415
682
2404
4659
7177
6647
239
8283
8537
8354
9199
5300
8972
5565
8336
9551
4314
3043
98
4491
4569
8325
9434
8684
7942
4877
7049
1902
929
6244
9478
6037
1661
5534
1765
7993
5831
1283
9535
5810
9116
1563
2679
2296
5924
461
2274
9592
5003
9372
27
1903
3022
1850
7354
8949
8725
5418
4386
4288
3496
1554
2990
1656
6901
2373
7788
8943
3126
5435
4122
1468
4653
2470
1109
6270
8892
9741
7455
5055
6543
6877
133
3517
2128
2480
2255
7555
9418
8488
736
5436
6709
2663
6469
8220
6731
8708
5837
1171
3629
8318
780
6789
8902
2898
4771
1625
8339
9884
9731
5124
2250
7236
6928
5221
8831
2835
7346
4636
6355
8479
712
865
7005
9837
2874
2568
9031
7565
8784
4677
628
9289
8134
8444
6468
5818
7865
1765
3969
5963
4113
7012
3641
5046
928
7057
9674
4014
7271
9055
1955
148
217
4673
4185
4097
9529
5970
1886
1146
6023
3078
7919
6485
2304
7491
1140
180
9259
634
8060
5613
1203
8692
9400
6123
2802
3632
3856
1061
6404
5064
8333
9941
5677
8327
8020
3081
9831
4589
4756
2258
2128
1892
5972
9234
9404
3803
6922
6903
9920
4795
7199
5528
949
9888
6261
7302
6979
3824
6525
3249
1709
4615
6036
502
5049
9095
1554
9111
116
8959
631
3381
7261
1377
6941
4689
5510
7463
3586
7722
4730
3728
3621
9579
5238
9869
6756
4902
5012
6104
2739
7674
4419
6033
5819
5076
2303
1766
8026
9045
918
448
3956
8699
6429
6037
9155
2543
4849
6419
8476
6560
6382
3603
625
2401
4576
3504
3479
4977
7202
8249
1686
1706
5203
7543
1233
782
3660
1082
6631
668
5516
2420
1716
239
3445
6830
6421
437
7909
40
7910
3756
2580
2813
2995
8124
3602
315
210
1157
5338
1595
1268
8745
8159
1188
8852
9332
7898
3151
5138
7615
5348
7019
6753
1007
2950
8390
1135
7750
9339
6767
2975
8212
4247
3132
9345
9179
1766
1278
9274
458
172
1349
3239
4192
9659
9737
9019
1217
4303
7560
1645
5147
8098
9089
6684
8481
3601
7067
7593
3311
3127
8441
9248
4843
8105
475
7297
8880
687
495
648
9420
2466
5162
8710
142
3283
6126
4528
4125
9588
2802
1816
3682
3726
8964
9384
2365
406
6153
8316
9047
5112
1486
4126
5345
267
1287
8148
4087
4226
6778
5938
2522
3074
8053
4981
2431
3424
4543
6306
4510
2450
234
944
5043
1021
9155
8663
569
9599
6234
295
5685
2477
7709
9465
5345
3134
2842
1424
5161
4451
381
9502
8498
3083
3741
9820
1011
2525
4324
7009
6930
7889
8109
6879
6455
8850
978
4062
4024
2363
4094
2093
8705
3327
857
9373
7305
3284
4866
7541
9246
3553
5053
404
271
5721
9288
4596
7011
233
6562
7319
6548
2979
9544
1325
3236
5488
6959
7612
8646
6782
5389
5459
1743
9426
5269
2238
7376
2674
6142
7916
4069
283
624
164
4966
7744
9171
3794
9870
5400
6785
5552
1533
4267
8393
9836
3269
8335
507
386
4789
6486
4780
1042
1616
9306
8896
3597
9076
6238
1357
3763
8606
475
6887
3486
9693
8566
4550
7988
4399
7539
4648
238
6500
8791
4753
5281
4765
7381
7564
2501
8440
3989
4450
6185
9421
6699
4102
9701
7973
1997
6181
5287
734
8565
2042
457
9559
8577
588
2897
6852
4372
5670
62
130
4843
8076
596
9047
9867
5520
9662
6655
5333
1153
2767
6784
1492
685
4377
1532
5121
413
4953
6353
1030
8120
2827
9603
5496
7385
6521
7663
2365
4016
8128
5226
3919
1281
7949
3388
8971
5460
5325
4462
7270
9209
9010
8194
8457
3146
3067
8108
5582
9370
2814
8729
1914
2332
661
6196
8540
7308
5871
5359
4422
4083
9268
2649
2410
1404
2873
3483
3690
7088
2926
902
3294
3386
4859
4951
2527
5858
151
2161
5445
105
2100
388
3502
513
4155
9436
7392
3780
6891
3628
8417
2340
7879
4442
5543
2024
3738
2142
5704
6969
3433
3785
8976
8818
8083
7642
3222
8173
5895
9720
1908
6657
3629
9848
9368
4618
6911
7157
5748
4599
2104
7678
3670
5243
6123
5463
6769
3605
2664
2525
8001
540
7575
3881
762
8361
7980
2395
9140
7144
4246
4374
7817
6098
9679
7350
136
8775
4368
7490
7221
9655
9297
9144
7475
7684
4239
660
472
4533
8821
7598
5606
9879
1238
4601
3778
6188
6857
2143
1306
6939
8090
9187
90
1171
7199
1133
5924
4019
9380
1167
6103
7785
6264
8930
8488
3205
9366
4100
3359
4383
6119
305
4817
8184
929
1882
5542
8542
2350
1942
6602
1554
7507
4844
6705
8047
8893
2706
9624
5880
7258
6408
206
6954
697
9172
7726
5534
2138
9610
4854
7880
1134
558
4846
9235
7010
8786
848
2090
6438
2533
6801
4230
5788
4496
2660
7702
3352
6967
3347
1738
9053
8434
2083
5725
3402
394
7500
3255
150
2887
2653
6775
4632
4790
5228
3557
3477
5695
4715
4836
691
2293
7687
5550
2470
7287
2635
5389
1694
5931
33
3478
9975
9127
4473
8052
9891
6720
6091
114
9772
1693
809
7819
7341
5863
8367
9276
7962
7370
25
7861
3898
4179
547
400
7664
734
976
8322
5985
1629
9567
1778
1448
1030
4151
448
8045
2231
75
1697
4533
6726
811
8635
3942
939
9723
2126
5821
1310
6187
8844
2700
6743
2377
8521
8003
7490
7577
365
3886
8291
2229
2757
9681
7740
6749
4927
4939
7268
5625
6956
8634
7337
5992
7829
4839
778
8823
9076
5820
2950
8453
6118
4295
8780
3062
3319
1429
9566
7860
7117
8310
8011
4224
4881
4330
2391
9689
5096
6208
4791
3428
2577
2409
4118
2451
1343
5840
2970
5746
3248
8541
4334
1496
2341
5689
4805
6961
3500
2542
475
7278
1503
4677
4633
1878
9308
1245
663
5311
2636
553
8839
5540
8674
5375
1223
5762
2258
3470
6023
4912
7868
4219
1781
2286
3320
9626
5539
2252
7556
6762
5932
7759
4882
6417
5712
9016
9706
2648
7559
2103
8018
6500
1188
4774
6533
4460
2031
1446
6831
4961
8746
4640
9636
4680
9468
7502
2911
6761
4314
4970
6182
7515
6756
6514
5706
6697
2406
8397
9531
5119
7044
155
6193
8898
9809
6302
9840
1977
5629
3973
5062
9551
4019
4781
1906
7647
8490
7794
5240
5601
9870
8359
6763
4102
9557
2473
9384
2218
2056
9853
150
6398
3894
6376
5173
910
9845
441
6589
7706
7996
2477
747
645
8653
3666
6228
9755
2903
6886
2203
6822
1827
7207
9016
5034
1504
4798
5118
793
2219
7892
5349
278
5941
5794
9572
5752
7756
8722
4769
6392
1279
7447
649
3111
1141
965
725
8698
4785
3992
3687
5059
2264
5051
2713
3127
9628
3620
6676
1764
3570
585
988
5417
2552
9395
3005
669
5831
3579
6570
4759
504
7366
9633
3581
8766
8486
8438
4089
583
5387
1704
3990
262
3908
1158
1463
961
5017
3382
4039
9162
2261
4292
7927
869
4802
3812
8225
8490
7824
9307
5014
536
2008
604
7762
2580
7178
6305
7159
6480
660
3208
5669
9014
2068
6461
8165
6152
2823
2588
1276
9013
8549
733
7095
1205
2122
9909
7963
7874
3401
9485
9232
5574
2166
6100
9969
2032
9636
1951
8372
5057
2445
5467
6380
1605
1389
9476
7129
9301
7914
2655
1151
9987
6594
8382
9985
1291
1845
6963
5083
3682
7483
623
8863
559
4950
5470
5338
6897
5558
9470
6046
9889
7594
9035
4577
3666
7539
7524
1122
185
793
3893
3158
998
2740
3890
4848
9975
4389
7875
8416
9844
3831
2563
2971
3758
6883
7226
462
4815
9476
6807
6132
9279
8291
8968
3205
5772
824
5116
3263
7334
1948
1085
9110
7814
7036
827
4798
3780
3847
3405
8931
2196
6591
8066
2669
5557
4445
7003
5907
748
2228
2153
2988
3317
1388
7949
1642
1922
1840
3822
8132
2091
8744
4259
5706
3485
9228
7204
9997
2146
4757
9506
4029
847
2893
7651
3487
5491
4859
6354
8514
1459
7440
3809
9151
7928
1203
8740
6636
7489
6119
8681
4018
4923
2242
1838
880
5923
9426
8586
4698
3360
1703
9334
2364
2175
2471
1733
2287
5199
9714
9031
9329
6813
7933
8256
2880
7920
8084
4225
9624
5395
4097
9924
4491
8100
8404
6639
4365
1099
548
8529
381
1035
8695
1959
1203
5791
6897
4232
1328
3927
1277
2708
2979
3928
4973
2784
1163
4582
3674
7860
595
5291
1462
8309
8954
7379
290
9647
9891
8001
1617
6467
6169
5896
5996
4389
3244
1153
8271
7790
3633
7010
8130
636
3744
6507
2364
3890
1575
5803
3325
4954
2955
9882
9419
8995
367
5471
4655
5842
3745
7844
5574
6456
9945
7317
9667
1657
293
9928
8606
8603
4128
1214
1322
4134
7395
5432
629
2662
963
2896
6279
3269
8154
715
9348
7944
9508
175
6293
6450
2819
4242
888
7679
5101
9582
7775
9149
6391
8286
1909
414
4553
4931
7693
398
5122
4244
3871
7023
7310
1033
546
7993
9160
6828
3380
2271
4522
8917
1091
7542
1175
5200
4455
1490
2881
6039
8238
1618
247
8194
2638
8114
601
7964
2348
7932
1367
3451
2711
6351
1651
689
4774
4644
3712
7150
6900
9877
1337
890
7929
7801
2849
8208
1808
3470
1427
4734
3044
6901
6839
3236
93
3736
2836
4803
5354
799
9134
1369
9325
4335
9937
8673
7752
5281
7480
4978
9124
5473
157
8061
4953
3147
6423
5298
7258
8768
2287
570
5472
621
6155
4225
261
203
6889
8575
6219
5901
4594
1060
3439
2832
6033
3124
1959
5099
8090
246
2669
3157
940
533
3624
7572
5832
6309
4866
3535
2065
6794
164
2365
4631
2869
3885
6094
6854
5228
1506
3396
9472
7326
4755
6403
1416
9168
9076
5254
4744
7380
7373
8125
653
6165
3618
9750
9706
2396
6898
7215
7405
4075
6494
6081
6973
3070
8174
6785
8257
1645
5932
425
1347
6566
6039
2178
335
3423
308
8836
4091
5554
7712
309
2452
6716
98
8818
9088
5600
7723
5799
4626
8137
6642
7635
8215
2436
2861
5050
4507
7518
7375
4459
3109
9923
6450
4705
3824
7527
8190
8163
6308
6412
6917
6881
5560
682
2925
2978
5867
517
8711
6734
1330
77
1581
907
5379
4664
992
4207
5583
6527
263
1027
7877
8218
2014
3189
9462
794
1536
3067
3896
2308
3321
2647
4124
4832
9310
9423
4185
2331
4769
9122
6971
7690
4223
9962
2614
9971
8372
6408
9696
7777
436
6757
3075
6644
2810
5575
7543
808
2162
9717
6380
9572
1245
4703
8637
8889
1647
2484
7939
2622
8922
9372
9202
552
7721
7603
4560
2086
4499
6715
7989
1422
4849
5707
2429
7225
5138
1791
3000
6395
6919
1207
4479
3369
1957
1455
5262
3528
9088
2025
6963
962
686
6182
9698
2885
5837
3240
5925
852
4327
5848
8964
8865
1962
8575
337
6138
7459
2754
490
8518
2559
8708
8816
6801
1330
2956
9092
7213
2907
5736
4689
2706
51
5570
2810
6642
2787
1745
4399
3812
9351
1950
2711
87
1294
8718
3881
9087
6419
7453
630
3564
4853
4650
9465
5626
9730
5316
9329
7114
5621
8440
8012
123
4462
7401
6922
8058
539
1329
5469
977
1676
1029
5663
3699
6894
1044
2113
2623
3404
4723
9693
1315
2691
7269
7590
735
1043
7501
4377
2409
5271
1486
1879
7278
6791
876
8641
4438
2640
542
5168
1028
4180
6417
1113
1947
265
4206
9452
1069
5796
2801
1229
1771
1033
2867
3609
8716
422
2510
6418
7355
4236
4046
8233
7458
7408
6129
8615
8702
3838
4001
6593
8236
6889
1214
8903
1685
1240
4856
1741
6441
6295
2790
2531
197
4250
7275
4208
8493
1158
9562
9123
4272
7831
4500
4283
2991
8311
8809
1265
2316
2213
1852
8177
6508
1607
6817
860
8939
8588
6005
9954
7995
6168
7738
9493
3179
8307
7199
5593
7729
9196
653
2976
8479
8498
3432
1619
44
4878
2426
9377
4321
8178
9035
1916
9847
4135
2756
4336
8633
4260
8813
3321
5076
588
732
6297
3976
96
745
6957
1771
1384
593
5625
2341
6554
1328
9243
6903
1840
952
6130
6869
1381
8282
400
707
7964
6450
5022
84
4639
8182
9812
9577
7101
3516
578
6732
4551
2175
8037
990
1075
7869
6581
8824
9772
5719
9598
8015
5509
7312
7390
2547
5564
7233
2428
5063
9595
1812
7564
6567
9235
3161
647
9255
7272
1656
4974
5368
4278
5024
4140
8791
992
63
8327
4158
2744
7340
7456
7487
9435
7521
8199
88
4833
9586
5270
774
3760
8851
2232
8198
9617
6837
7849
4194
7925
9162
120
4870
5914
5932
1523
8021
3432
6885
7960
4616
8620
1426
6107
1593
9556
7483
7365
4297
5749
1135
9045
3731
7809
6738
8303
3503
2274
1525
921
6269
176
4257
9737
8332
2515
3322
6427
8848
2068
3409
3368
4275
1691
3421
8846
7196
4934
9752
4886
8686
7001
3384
2845
6511
4633
7570
1337
5676
5238
2961
3925
2844
9136
5402
3329
8549
9149
4905
151
8541
5688
9588
7790
691
5594
3335
4244
4866
6907
2943
2081
8024
5474
8808
2477
8846
8288
659
1492
6926
9709
3018
1089
7000
1393
8748
8034
8613
4519
7598
4546
5187
7838
8879
1843
1289
5598
2079
6725
7929
1667
8170
9159
5733
1785
9867
7216
9521
3831
1825
3565
4584
834
3301
4186
1696
2111
1232
7009
8414
2550
865
2172
9491
7339
7742
1011
887
3561
8898
3358
7274
4490
2944
3038
9052
5723
5941
3855
1733
3093
6168
5917
2053
8111
7554
9539
8314
2049
810
985
6626
1096
7877
2854
8631
2538
3191
8129
1310
8844
2924
4596
5614
6316
7285
8012
5518
9795
2358
1142
4710
3302
6425
841
152
9536
620
8927
8344
9586
6624
4499
4281
9517
2238
9
7133
5361
921
5936
5380
1879
5557
6914
9394
900
2393
6161
1819
2969
862
4454
4750
6534
3432
8700
3302
9396
8102
4744
5630
5420
4151
964
1378
9856
6357
4734
3825
964
3923
43
7297
1847
5376
1546
3660
6477
7232
1108
8576
3603
3255
71
375
1720
8647
2136
8553
2276
9317
6607
977
7369
1386
6464
7534
7182
8042
7511
8537
6691
2767
4100
9859
1026
6537
2974
2425
2587
3335
7203
4746
4426
4330
4011
9848
8575
3669
9461
5931
6376
1254
6816
6240
8927
8908
5896
7815
8922
7946
8461
8122
2806
7459
276
222
7846
2146
3504
4155
8986
8329
9108
6393
1611
7970
6923
7687
4350
9093
5159
9463
8440
4459
8345
3705
8205
6660
3527
1540
4434
5532
2271
577
3619
7703
8142
5451
4470
8180
8680
2745
8626
4735
4072
2330
1302
1166
9522
3279
3314
5242
9273
9523
159
3149
1686
8789
3873
7583
218
9512
9263
4224
299
3654
4204
1237
5609
1791
2001
1796
3096
9020
3015
6100
7060
5504
4529
3953
3802
7395
7978
1947
1766
3698
1872
1867
5309
7734
4720
3918
7213
5273
3937
4293
7347
3440
2599
5170
3963
3149
7763
2640
7346
5851
3518
8426
3163
166
5274
3432
8015
5397
2245
6987
3596
5454
4492
3129
4961
7533
5137
6841
2281
6174
7472
3844
6987
675
71
9697
3878
1148
3726
991
8598
2426
707
1365
3665
7741
5849
9399
5561
7009
3873
1381
3838
5920
8446
2685
5512
3312
975
921
2431
8184
7842
4023
1270
7321
6551
5124
1989
2511
5947
764
4172
3223
8591
4431
756
5817
2969
6518
6281
1972
9642
8773
2455
1313
4375
885
9484
4117
6733
4370
2210
6182
7950
9078
6821
1654
1195
7445
4140
2051
2695
3973
9335
9653
6888
6493
1288
4179
8192
9957
1660
1970
7179
5179
5585
2125
9761
79
5669
7820
8794
2734
8566
5841
3186
9559
3153
2830
1361
1045
8105
6518
6034
5718
1033
2885
7094
2450
5960
3970
7686
8942
7035
5213
3516
368
7839
6068
4861
5663
6891
6294
8917
1904
7000
4229
2307
9307
4151
3675
5331
8588
537
5122
4259
2507
4775
3956
6311
2110
7521
8772
1763
1609
4187
5129
5698
8845
9281
5733
560
1802
8921
6482
8093
8899
8578
7395
3153
2043
395
6473
4814
186
9373
7688
1023
7085
9887
5042
5451
563
7656
3937
786
739
7706
1713
1938
3223
1569
1385
9537
18
1788
7402
1732
7626
6082
2651
1684
4196
6010
9150
4448
3287
2318
1637
7766
5213
8709
7737
5688
3205
9652
3519
7316
1059
9575
3457
6697
7223
952
7380
9355
9983
76
6004
6593
5678
8866
6465
5848
568
3928
6595
1073
2914
4038
3075
4691
8963
4471
1706
7431
5492
1898
6820
7873
961
9690
2234
906
9189
5010
4505
3774
2404
6693
9543
5499
406
7638
2442
2776
7322
3511
5920
7840
4782
3243
9159
3193
7652
1720
342
7542
4905
3933
8718
3386
5219
6760
5224
2597
2767
9497
1935
6762
7066
3478
822
290
3086
9601
3062
4333
5645
4710
5478
7018
3093
340
7006
2222
8519
6804
1110
9857
2529
6559
7755
8963
2681
5132
9805
7280
4603
5705
1569
1199
7554
8512
3202
6371
4230
786
9045
5697
4888
8333
269
7352
9326
3908
6552
9328
5044
4142
9374
7776
4117
3431
6912
477
3612
5529
87
5478
9466
2225
7371
8429
7910
8104
3358
4109
1593
9042
1391
5548
5310
4501
6509
9324
7579
7736
1609
5935
3937
9031
719
9863
2416
7791
1862
200
7397
7111
7203
5424
2398
9395
7400
6804
9202
2253
2446
2650
3654
7437
9984
7695
7054
5056
9330
7116
6594
4530
2706
7015
4367
7600
797
1832
4087
9590
3284
5997
6937
3447
1814
7224
9097
5198
7310
8923
185
5573
9335
8984
1453
487
4861
8047
7368
1422
1818
1727
1854
8018
7549
664
968
7615
7180
754
5735
5604
3110
6335
3137
9802
7354
3534
8193
8957
3295
3264
3563
9815
5761
2366
2689
8933
4040
2241
2182
2391
5025
8631
6239
8205
1696
4243
3982
8891
5498
8882
496
1020
7303
7499
4998
2187
1750
8494
2563
2155
9749
2343
5251
6183
5724
7259
6029
9980
6185
7533
6721
1673
8224
7652
6425
9630
9800
8259
9649
8568
2711
8333
3166
2639
6873
6895
4399
8806
8510
1496
9308
9509
974
9882
7885
1393
4632
4045
6886
3450
6580
3972
7239
4299
7701
7401
5991
6001
4888
2492
6662
602
5221
4600
5088
7368
7577
1799
810
3246
4919
8721
9824
2552
841
3121
852
300
5927
6112
6660
2025
7942
5817
4235
1707
5010
9767
6917
4611
678
667
9626
7183
4916
3078
8662
3120
7866
7440
7163
2246
2344
8142
8559
2109
4047
8762
9174
6572
6395
4430
5591
3863
8873
4105
1896
2150
4534
1115
520
2513
4874
1958
1526
2689
6822
8733
1618
9323
7961
9440
6234
883
6590
8753
2149
8182
9148
4042
7538
4539
7861
4172
2608
9607
4970
6217
1760
86
9734
1396
5722
3850
5774
6732
4867
959
2233
6622
4153
2563
1487
8040
9764
4484
7123
341
7729
3024
3970
1447
8580
2344
8649
196
654
6076
2198
2291
5549
9512
4092
5349
760
7577
9880
4518
1528
2937
2667
2337
9340
1263
6872
1788
8376
1216
5282
8261
6523
275
3883
1792
7978
5165
2517
4001
6069
3280
1548
8336
67
3044
6144
6224
4691
5250
2510
5136
6680
5167
367
1917
3958
4713
8360
8986
5602
2749
2416
7956
1220
7569
5975
2008
7815
9750
1958
6883
989
9188
2708
6485
3721
8482
1649
9439
5861
9518
5400
7736
6319
3297
1507
9813
462
8965
1092
755
6447
8551
5948
7442
9125
2747
3633
1602
5678
3341
8676
2893
891
8890
4725
870
2646
6200
7686
7391
6635
6680
7013
5943
2884
3177
9757
4961
6104
8956
5821
3731
3083
3157
3197
3065
748
3844
8412
4608
4473
5278
883
7230
3287
8292
8905
2501
7385
7859
1448
6646
499
9172
910
4732
2335
4522
3334
4910
2125
2388
7386
8194
1262
8933
679
7815
1734
9150
5530
3727
8767
8385
2390
6576
9895
1122
6251
3300
9174
5653
961
1671
6786
9678
4976
7718
9607
1090
3511
9423
5506
2789
3405
4455
3868
1807
4704
2627
9139
4275
3134
3208
3206
4114
7915
2419
255
9098
2046
1580
298
702
789
5570
6687
8677
5956
8047
1986
3720
4716
2909
2929
7850
9687
5763
4396
8485
5274
4854
3207
4985
9796
4994
9638
4240
9692
2309
3439
5683
4682
4236
1619
922
452
7342
4449
4709
827
2446
9517
7140
9055
4195
4364
5857
2314
5149
510
1728
8845
8638
270
2719
380
8208
5206
1698
1107
8103
5501
6267
3778
7929
8476
190
3516
4776
5544
7786
6721
3969
8203
3454
9192
5407
6123
661
4884
3105
7827
4955
3314
7849
5736
2352
7701
7302
6722
8273
9457
1369
6894
6233
6090
1882
7576
2665
5080
6338
9
2564
5220
4957
4560
3721
4844
8966
6271
5800
1832
2725
243
6281
2144
6613
7623
2633
5782
8156
7369
8979
3568
3339
6225
6817
1778
5065
4139
2725
8567
7587
6012
4677
4428
6252
531
4834
4913
4796
309
686
1523
4324
4028
509
436
239
8622
7803
7039
389
754
6519
7040
6604
4743
7494
8467
1453
3258
68
7673
9832
3188
841
811
5543
5416
4786
4595
2691
5676
3510
3263
8873
3842
6249
137
2376
7314
6481
8622
3301
555
9509
6624
5690
6099
8598
5376
2135
2883
7178
2231
5484
5116
